nn = [ ...
2, 3, 4, 5, 6, 7, 8, 9, 10, 11, ... 
12, 13, 14, 15, 16, 17, 18, 19, 20, 21, ... 
22, 23, 24, 25, 26, 27, 28, 29, 30, 35, ... 
40, 45, 50, 60, 70, 80, 90, 100; ... 
2, 3, 4, 5, 6, 7, 8, 9, 10, 11, ... 
12, 13, 14, 15, 16, 17, 18, 19, 20, 21, ... 
22, 23, 24, 25, 26, 27, 28, 29, 30, 35, ... 
40, 45, 50, 60, 70, 80, 90, 100; ... 
2, 3, 4, 5, 6, 7, 8, 9, 10, 11, ... 
12, 13, 14, 15, 16, 17, 18, 19, 20, 21, ... 
22, 23, 24, 25, 26, 27, 28, 29, 30, 35, ... 
40, 45, 50, 60, 70, 80, 90, 100; ... 
2, 3, 4, 5, 6, 7, 8, 9, 10, 11, ... 
12, 13, 14, 15, 16, 17, 18, 19, 20, 21, ... 
22, 23, 24, 25, 26, 27, 28, 29, 30, 35, ... 
40, 45, 50, 60, 70, 80, 90, 100; ... 
2, 3, 4, 5, 6, 7, 8, 9, 10, 11, ... 
12, 13, 14, 15, 16, 17, 18, 19, 20, 21, ... 
22, 23, 24, 25, 26, 27, 28, 29, 30, 35, ... 
40, 45, 50, 60, 70, 80, 90, 100; ... 
2, 3, 4, 5, 6, 7, 8, 9, 10, 11, ... 
12, 13, 14, 15, 16, 17, 18, 19, 20, 21, ... 
22, 23, 24, 25, 26, 27, 28, 29, 30, 35, ... 
40, 45, 50, 60, 70, 80, 90, 100; ... 
2, 3, 4, 5, 6, 7, 8, 9, 10, 11, ... 
12, 13, 14, 15, 16, 17, 18, 19, 20, 21, ... 
22, 23, 24, 25, 26, 27, 28, 29, 30, 35, ... 
40, 45, 50, 60, 70, 80, 90, 100; ... 
2, 3, 4, 5, 6, 7, 8, 9, 10, 11, ... 
12, 13, 14, 15, 16, 17, 18, 19, 20, 21, ... 
22, 23, 24, 25, 26, 27, 28, 29, 30, 35, ... 
40, 45, 50, 60, 70, 80, 90, 100; ... 
2, 3, 4, 5, 6, 7, 8, 9, 10, 11, ... 
12, 13, 14, 15, 16, 17, 18, 19, 20, 21, ... 
22, 23, 24, 25, 26, 27, 28, 29, 30, 35, ... 
40, 45, 50, 60, 70, 80, 90, 100; ... 
2, 3, 4, 5, 6, 7, 8, 9, 10, 11, ... 
12, 13, 14, 15, 16, 17, 18, 19, 20, 21, ... 
22, 23, 24, 25, 26, 27, 28, 29, 30, 35, ... 
40, 45, 50, 60, 70, 80, 90, 100; ... 
2, 3, 4, 5, 6, 7, 8, 9, 10, 11, ... 
12, 13, 14, 15, 16, 17, 18, 19, 20, 21, ... 
22, 23, 24, 25, 26, 27, 28, 29, 30, 35, ... 
40, 45, 50, 60, 70, 80, 90, 100; ... 
2, 3, 4, 5, 6, 7, 8, 9, 10, 11, ... 
12, 13, 14, 15, 16, 17, 18, 19, 20, 21, ... 
22, 23, 24, 25, 26, 27, 28, 29, 30, 35, ... 
40, 45, 50, 60, 70, 80, 90, 100; ... 
2, 3, 4, 5, 6, 7, 8, 9, 10, 11, ... 
12, 13, 14, 15, 16, 17, 18, 19, 20, 21, ... 
22, 23, 24, 25, 26, 27, 28, 29, 30, 35, ... 
40, 45, 50, 60, 70, 80, 90, 100; ... 
2, 3, 4, 5, 6, 7, 8, 9, 10, 11, ... 
12, 13, 14, 15, 16, 17, 18, 19, 20, 21, ... 
22, 23, 24, 25, 26, 27, 28, 29, 30, 35, ... 
40, 45, 50, 60, 70, 80, 90, 100; ... 
2, 3, 4, 5, 6, 7, 8, 9, 10, 11, ... 
12, 13, 14, 15, 16, 17, 18, 19, 20, 21, ... 
22, 23, 24, 25, 26, 27, 28, 29, 30, 35, ... 
40, 45, 50, 60, 70, 80, 90, 100; ... 
2, 3, 4, 5, 6, 7, 8, 9, 10, 11, ... 
12, 13, 14, 15, 16, 17, 18, 19, 20, 21, ... 
22, 23, 24, 25, 26, 27, 28, 29, 30, 35, ... 
40, 45, 50, 60, 70, 80, 90, 100; ... 
2, 3, 4, 5, 6, 7, 8, 9, 10, 11, ... 
12, 13, 14, 15, 16, 17, 18, 19, 20, 21, ... 
22, 23, 24, 25, 26, 27, 28, 29, 30, 35, ... 
40, 45, 50, 60, 70, 80, 90, 100; ... 
2, 3, 4, 5, 6, 7, 8, 9, 10, 11, ... 
12, 13, 14, 15, 16, 17, 18, 19, 20, 21, ... 
22, 23, 24, 25, 26, 27, 28, 29, 30, 35, ... 
40, 45, 50, 60, 70, 80, 90, 100; ... 
2, 3, 4, 5, 6, 7, 8, 9, 10, 11, ... 
12, 13, 14, 15, 16, 17, 18, 19, 20, 21, ... 
22, 23, 24, 25, 26, 27, 28, 29, 30, 35, ... 
40, 45, 50, 60, 70, 80, 90, 100; ... 
2, 3, 4, 5, 6, 7, 8, 9, 10, 11, ... 
12, 13, 14, 15, 16, 17, 18, 19, 20, 21, ... 
22, 23, 24, 25, 26, 27, 28, 29, 30, 35, ... 
40, 45, 50, 60, 70, 80, 90, 100; ... 
2, 3, 4, 5, 6, 7, 8, 9, 10, 11, ... 
12, 13, 14, 15, 16, 17, 18, 19, 20, 21, ... 
22, 23, 24, 25, 26, 27, 28, 29, 30, 35, ... 
40, 45, 50, 60, 70, 80, 90, 100; ... 
2, 3, 4, 5, 6, 7, 8, 9, 10, 11, ... 
12, 13, 14, 15, 16, 17, 18, 19, 20, 21, ... 
22, 23, 24, 25, 26, 27, 28, 29, 30, 35, ... 
40, 45, 50, 60, 70, 80, 90, 100; ... 
2, 3, 4, 5, 6, 7, 8, 9, 10, 11, ... 
12, 13, 14, 15, 16, 17, 18, 19, 20, 21, ... 
22, 23, 24, 25, 26, 27, 28, 29, 30, 35, ... 
40, 45, 50, 60, 70, 80, 90, 100; ... 
2, 3, 4, 5, 6, 7, 8, 9, 10, 11, ... 
12, 13, 14, 15, 16, 17, 18, 19, 20, 21, ... 
22, 23, 24, 25, 26, 27, 28, 29, 30, 35, ... 
40, 45, 50, 60, 70, 80, 90, 100; ... 
2, 3, 4, 5, 6, 7, 8, 9, 10, 11, ... 
12, 13, 14, 15, 16, 17, 18, 19, 20, 21, ... 
22, 23, 24, 25, 26, 27, 28, 29, 30, 35, ... 
40, 45, 50, 60, 70, 80, 90, 100; ... 
2, 3, 4, 5, 6, 7, 8, 9, 10, 11, ... 
12, 13, 14, 15, 16, 17, 18, 19, 20, 21, ... 
22, 23, 24, 25, 26, 27, 28, 29, 30, 35, ... 
40, 45, 50, 60, 70, 80, 90, 100; ... 
2, 3, 4, 5, 6, 7, 8, 9, 10, 11, ... 
12, 13, 14, 15, 16, 17, 18, 19, 20, 21, ... 
22, 23, 24, 25, 26, 27, 28, 29, 30, 35, ... 
40, 45, 50, 60, 70, 80, 90, 100; ... 
2, 3, 4, 5, 6, 7, 8, 9, 10, 11, ... 
12, 13, 14, 15, 16, 17, 18, 19, 20, 21, ... 
22, 23, 24, 25, 26, 27, 28, 29, 30, 35, ... 
40, 45, 50, 60, 70, 80, 90, 100; ... 
2, 3, 4, 5, 6, 7, 8, 9, 10, 11, ... 
12, 13, 14, 15, 16, 17, 18, 19, 20, 21, ... 
22, 23, 24, 25, 26, 27, 28, 29, 30, 35, ... 
40, 45, 50, 60, 70, 80, 90, 100; ... 
2, 3, 4, 5, 6, 7, 8, 9, 10, 11, ... 
12, 13, 14, 15, 16, 17, 18, 19, 20, 21, ... 
22, 23, 24, 25, 26, 27, 28, 29, 30, 35, ... 
40, 45, 50, 60, 70, 80, 90, 100; ... 
2, 3, 4, 5, 6, 7, 8, 9, 10, 11, ... 
12, 13, 14, 15, 16, 17, 18, 19, 20, 21, ... 
22, 23, 24, 25, 26, 27, 28, 29, 30, 35, ... 
40, 45, 50, 60, 70, 80, 90, 100; ... 
2, 3, 4, 5, 6, 7, 8, 9, 10, 11, ... 
12, 13, 14, 15, 16, 17, 18, 19, 20, 21, ... 
22, 23, 24, 25, 26, 27, 28, 29, 30, 35, ... 
40, 45, 50, 60, 70, 80, 90, 100; ... 
2, 3, 4, 5, 6, 7, 8, 9, 10, 11, ... 
12, 13, 14, 15, 16, 17, 18, 19, 20, 21, ... 
22, 23, 24, 25, 26, 27, 28, 29, 30, 35, ... 
40, 45, 50, 60, 70, 80, 90, 100; ... 
2, 3, 4, 5, 6, 7, 8, 9, 10, 11, ... 
12, 13, 14, 15, 16, 17, 18, 19, 20, 21, ... 
22, 23, 24, 25, 26, 27, 28, 29, 30, 35, ... 
40, 45, 50, 60, 70, 80, 90, 100; ... 
2, 3, 4, 5, 6, 7, 8, 9, 10, 11, ... 
12, 13, 14, 15, 16, 17, 18, 19, 20, 21, ... 
22, 23, 24, 25, 26, 27, 28, 29, 30, 35, ... 
40, 45, 50, 60, 70, 80, 90, 100; ... 
2, 3, 4, 5, 6, 7, 8, 9, 10, 11, ... 
12, 13, 14, 15, 16, 17, 18, 19, 20, 21, ... 
22, 23, 24, 25, 26, 27, 28, 29, 30, 35, ... 
40, 45, 50, 60, 70, 80, 90, 100; ... 
2, 3, 4, 5, 6, 7, 8, 9, 10, 11, ... 
12, 13, 14, 15, 16, 17, 18, 19, 20, 21, ... 
22, 23, 24, 25, 26, 27, 28, 29, 30, 35, ... 
40, 45, 50, 60, 70, 80, 90, 100; ... 
2, 3, 4, 5, 6, 7, 8, 9, 10, 11, ... 
12, 13, 14, 15, 16, 17, 18, 19, 20, 21, ... 
22, 23, 24, 25, 26, 27, 28, 29, 30, 35, ... 
40, 45, 50, 60, 70, 80, 90, 100; ... 
2, 3, 4, 5, 6, 7, 8, 9, 10, 11, ... 
12, 13, 14, 15, 16, 17, 18, 19, 20, 21, ... 
22, 23, 24, 25, 26, 27, 28, 29, 30, 35, ... 
40, 45, 50, 60, 70, 80, 90, 100; ... 
2, 3, 4, 5, 6, 7, 8, 9, 10, 11, ... 
12, 13, 14, 15, 16, 17, 18, 19, 20, 21, ... 
22, 23, 24, 25, 26, 27, 28, 29, 30, 35, ... 
40, 45, 50, 60, 70, 80, 90, 100; ... 
2, 3, 4, 5, 6, 7, 8, 9, 10, 11, ... 
12, 13, 14, 15, 16, 17, 18, 19, 20, 21, ... 
22, 23, 24, 25, 26, 27, 28, 29, 30, 35, ... 
40, 45, 50, 60, 70, 80, 90, 100; ... 
2, 3, 4, 5, 6, 7, 8, 9, 10, 11, ... 
12, 13, 14, 15, 16, 17, 18, 19, 20, 21, ... 
22, 23, 24, 25, 26, 27, 28, 29, 30, 35, ... 
40, 45, 50, 60, 70, 80, 90, 100; ... 
2, 3, 4, 5, 6, 7, 8, 9, 10, 11, ... 
12, 13, 14, 15, 16, 17, 18, 19, 20, 21, ... 
22, 23, 24, 25, 26, 27, 28, 29, 30, 35, ... 
40, 45, 50, 60, 70, 80, 90, 100; ... 
2, 3, 4, 5, 6, 7, 8, 9, 10, 11, ... 
12, 13, 14, 15, 16, 17, 18, 19, 20, 21, ... 
22, 23, 24, 25, 26, 27, 28, 29, 30, 35, ... 
40, 45, 50, 60, 70, 80, 90, 100; ... 
2, 3, 4, 5, 6, 7, 8, 9, 10, 11, ... 
12, 13, 14, 15, 16, 17, 18, 19, 20, 21, ... 
22, 23, 24, 25, 26, 27, 28, 29, 30, 35, ... 
40, 45, 50, 60, 70, 80, 90, 100; ... 
2, 3, 4, 5, 6, 7, 8, 9, 10, 11, ... 
12, 13, 14, 15, 16, 17, 18, 19, 20, 21, ... 
22, 23, 24, 25, 26, 27, 28, 29, 30, 35, ... 
40, 45, 50, 60, 70, 80, 90, 100; ... 
2, 3, 4, 5, 6, 7, 8, 9, 10, 11, ... 
12, 13, 14, 15, 16, 17, 18, 19, 20, 21, ... 
22, 23, 24, 25, 26, 27, 28, 29, 30, 35, ... 
40, 45, 50, 60, 70, 80, 90, 100; ... 
2, 3, 4, 5, 6, 7, 8, 9, 10, 11, ... 
12, 13, 14, 15, 16, 17, 18, 19, 20, 21, ... 
22, 23, 24, 25, 26, 27, 28, 29, 30, 35, ... 
40, 45, 50, 60, 70, 80, 90, 100; ... 
2, 3, 4, 5, 6, 7, 8, 9, 10, 11, ... 
12, 13, 14, 15, 16, 17, 18, 19, 20, 21, ... 
22, 23, 24, 25, 26, 27, 28, 29, 30, 35, ... 
40, 45, 50, 60, 70, 80, 90, 100; ... 
2, 3, 4, 5, 6, 7, 8, 9, 10, 11, ... 
12, 13, 14, 15, 16, 17, 18, 19, 20, 21, ... 
22, 23, 24, 25, 26, 27, 28, 29, 30, 35, ... 
40, 45, 50, 60, 70, 80, 90, 100; ... 
2, 3, 4, 5, 6, 7, 8, 9, 10, 11, ... 
12, 13, 14, 15, 16, 17, 18, 19, 20, 21, ... 
22, 23, 24, 25, 26, 27, 28, 29, 30, 35, ... 
40, 45, 50, 60, 70, 80, 90, 100; ... 
2, 3, 4, 5, 6, 7, 8, 9, 10, 11, ... 
12, 13, 14, 15, 16, 17, 18, 19, 20, 21, ... 
22, 23, 24, 25, 26, 27, 28, 29, 30, 35, ... 
40, 45, 50, 60, 70, 80, 90, 100; ... 
2, 3, 4, 5, 6, 7, 8, 9, 10, 11, ... 
12, 13, 14, 15, 16, 17, 18, 19, 20, 21, ... 
22, 23, 24, 25, 26, 27, 28, 29, 30, 35, ... 
40, 45, 50, 60, 70, 80, 90, 100; ... 
2, 3, 4, 5, 6, 7, 8, 9, 10, 11, ... 
12, 13, 14, 15, 16, 17, 18, 19, 20, 21, ... 
22, 23, 24, 25, 26, 27, 28, 29, 30, 35, ... 
40, 45, 50, 60, 70, 80, 90, 100; ... 
2, 3, 4, 5, 6, 7, 8, 9, 10, 11, ... 
12, 13, 14, 15, 16, 17, 18, 19, 20, 21, ... 
22, 23, 24, 25, 26, 27, 28, 29, 30, 35, ... 
40, 45, 50, 60, 70, 80, 90, 100; ... 
2, 3, 4, 5, 6, 7, 8, 9, 10, 11, ... 
12, 13, 14, 15, 16, 17, 18, 19, 20, 21, ... 
22, 23, 24, 25, 26, 27, 28, 29, 30, 35, ... 
40, 45, 50, 60, 70, 80, 90, 100; ... 
2, 3, 4, 5, 6, 7, 8, 9, 10, 11, ... 
12, 13, 14, 15, 16, 17, 18, 19, 20, 21, ... 
22, 23, 24, 25, 26, 27, 28, 29, 30, 35, ... 
40, 45, 50, 60, 70, 80, 90, 100; ... 
2, 3, 4, 5, 6, 7, 8, 9, 10, 11, ... 
12, 13, 14, 15, 16, 17, 18, 19, 20, 21, ... 
22, 23, 24, 25, 26, 27, 28, 29, 30, 35, ... 
40, 45, 50, 60, 70, 80, 90, 100; ... 
2, 3, 4, 5, 6, 7, 8, 9, 10, 11, ... 
12, 13, 14, 15, 16, 17, 18, 19, 20, 21, ... 
22, 23, 24, 25, 26, 27, 28, 29, 30, 35, ... 
40, 45, 50, 60, 70, 80, 90, 100; ... 
]; 

rr = [ ...
0.20, 0.20, 0.20, 0.20, 0.20, 0.20, 0.20, 0.20, 0.20, 0.20, ... 
0.20, 0.20, 0.20, 0.20, 0.20, 0.20, 0.20, 0.20, 0.20, 0.20, ... 
0.20, 0.20, 0.20, 0.20, 0.20, 0.20, 0.20, 0.20, 0.20, 0.20, ... 
0.20, 0.20, 0.20, 0.20, 0.20, 0.20, 0.20, 0.20; ... 
0.30, 0.30, 0.30, 0.30, 0.30, 0.30, 0.30, 0.30, 0.30, 0.30, ... 
0.30, 0.30, 0.30, 0.30, 0.30, 0.30, 0.30, 0.30, 0.30, 0.30, ... 
0.30, 0.30, 0.30, 0.30, 0.30, 0.30, 0.30, 0.30, 0.30, 0.30, ... 
0.30, 0.30, 0.30, 0.30, 0.30, 0.30, 0.30, 0.30; ... 
0.40, 0.40, 0.40, 0.40, 0.40, 0.40, 0.40, 0.40, 0.40, 0.40, ... 
0.40, 0.40, 0.40, 0.40, 0.40, 0.40, 0.40, 0.40, 0.40, 0.40, ... 
0.40, 0.40, 0.40, 0.40, 0.40, 0.40, 0.40, 0.40, 0.40, 0.40, ... 
0.40, 0.40, 0.40, 0.40, 0.40, 0.40, 0.40, 0.40; ... 
0.50, 0.50, 0.50, 0.50, 0.50, 0.50, 0.50, 0.50, 0.50, 0.50, ... 
0.50, 0.50, 0.50, 0.50, 0.50, 0.50, 0.50, 0.50, 0.50, 0.50, ... 
0.50, 0.50, 0.50, 0.50, 0.50, 0.50, 0.50, 0.50, 0.50, 0.50, ... 
0.50, 0.50, 0.50, 0.50, 0.50, 0.50, 0.50, 0.50; ... 
0.60, 0.60, 0.60, 0.60, 0.60, 0.60, 0.60, 0.60, 0.60, 0.60, ... 
0.60, 0.60, 0.60, 0.60, 0.60, 0.60, 0.60, 0.60, 0.60, 0.60, ... 
0.60, 0.60, 0.60, 0.60, 0.60, 0.60, 0.60, 0.60, 0.60, 0.60, ... 
0.60, 0.60, 0.60, 0.60, 0.60, 0.60, 0.60, 0.60; ... 
0.70, 0.70, 0.70, 0.70, 0.70, 0.70, 0.70, 0.70, 0.70, 0.70, ... 
0.70, 0.70, 0.70, 0.70, 0.70, 0.70, 0.70, 0.70, 0.70, 0.70, ... 
0.70, 0.70, 0.70, 0.70, 0.70, 0.70, 0.70, 0.70, 0.70, 0.70, ... 
0.70, 0.70, 0.70, 0.70, 0.70, 0.70, 0.70, 0.70; ... 
0.80, 0.80, 0.80, 0.80, 0.80, 0.80, 0.80, 0.80, 0.80, 0.80, ... 
0.80, 0.80, 0.80, 0.80, 0.80, 0.80, 0.80, 0.80, 0.80, 0.80, ... 
0.80, 0.80, 0.80, 0.80, 0.80, 0.80, 0.80, 0.80, 0.80, 0.80, ... 
0.80, 0.80, 0.80, 0.80, 0.80, 0.80, 0.80, 0.80; ... 
0.90, 0.90, 0.90, 0.90, 0.90, 0.90, 0.90, 0.90, 0.90, 0.90, ... 
0.90, 0.90, 0.90, 0.90, 0.90, 0.90, 0.90, 0.90, 0.90, 0.90, ... 
0.90, 0.90, 0.90, 0.90, 0.90, 0.90, 0.90, 0.90, 0.90, 0.90, ... 
0.90, 0.90, 0.90, 0.90, 0.90, 0.90, 0.90, 0.90; ... 
1.00, 1.00, 1.00, 1.00, 1.00, 1.00, 1.00, 1.00, 1.00, 1.00, ... 
1.00, 1.00, 1.00, 1.00, 1.00, 1.00, 1.00, 1.00, 1.00, 1.00, ... 
1.00, 1.00, 1.00, 1.00, 1.00, 1.00, 1.00, 1.00, 1.00, 1.00, ... 
1.00, 1.00, 1.00, 1.00, 1.00, 1.00, 1.00, 1.00; ... 
1.10, 1.10, 1.10, 1.10, 1.10, 1.10, 1.10, 1.10, 1.10, 1.10, ... 
1.10, 1.10, 1.10, 1.10, 1.10, 1.10, 1.10, 1.10, 1.10, 1.10, ... 
1.10, 1.10, 1.10, 1.10, 1.10, 1.10, 1.10, 1.10, 1.10, 1.10, ... 
1.10, 1.10, 1.10, 1.10, 1.10, 1.10, 1.10, 1.10; ... 
1.20, 1.20, 1.20, 1.20, 1.20, 1.20, 1.20, 1.20, 1.20, 1.20, ... 
1.20, 1.20, 1.20, 1.20, 1.20, 1.20, 1.20, 1.20, 1.20, 1.20, ... 
1.20, 1.20, 1.20, 1.20, 1.20, 1.20, 1.20, 1.20, 1.20, 1.20, ... 
1.20, 1.20, 1.20, 1.20, 1.20, 1.20, 1.20, 1.20; ... 
1.30, 1.30, 1.30, 1.30, 1.30, 1.30, 1.30, 1.30, 1.30, 1.30, ... 
1.30, 1.30, 1.30, 1.30, 1.30, 1.30, 1.30, 1.30, 1.30, 1.30, ... 
1.30, 1.30, 1.30, 1.30, 1.30, 1.30, 1.30, 1.30, 1.30, 1.30, ... 
1.30, 1.30, 1.30, 1.30, 1.30, 1.30, 1.30, 1.30; ... 
1.40, 1.40, 1.40, 1.40, 1.40, 1.40, 1.40, 1.40, 1.40, 1.40, ... 
1.40, 1.40, 1.40, 1.40, 1.40, 1.40, 1.40, 1.40, 1.40, 1.40, ... 
1.40, 1.40, 1.40, 1.40, 1.40, 1.40, 1.40, 1.40, 1.40, 1.40, ... 
1.40, 1.40, 1.40, 1.40, 1.40, 1.40, 1.40, 1.40; ... 
1.50, 1.50, 1.50, 1.50, 1.50, 1.50, 1.50, 1.50, 1.50, 1.50, ... 
1.50, 1.50, 1.50, 1.50, 1.50, 1.50, 1.50, 1.50, 1.50, 1.50, ... 
1.50, 1.50, 1.50, 1.50, 1.50, 1.50, 1.50, 1.50, 1.50, 1.50, ... 
1.50, 1.50, 1.50, 1.50, 1.50, 1.50, 1.50, 1.50; ... 
1.60, 1.60, 1.60, 1.60, 1.60, 1.60, 1.60, 1.60, 1.60, 1.60, ... 
1.60, 1.60, 1.60, 1.60, 1.60, 1.60, 1.60, 1.60, 1.60, 1.60, ... 
1.60, 1.60, 1.60, 1.60, 1.60, 1.60, 1.60, 1.60, 1.60, 1.60, ... 
1.60, 1.60, 1.60, 1.60, 1.60, 1.60, 1.60, 1.60; ... 
1.70, 1.70, 1.70, 1.70, 1.70, 1.70, 1.70, 1.70, 1.70, 1.70, ... 
1.70, 1.70, 1.70, 1.70, 1.70, 1.70, 1.70, 1.70, 1.70, 1.70, ... 
1.70, 1.70, 1.70, 1.70, 1.70, 1.70, 1.70, 1.70, 1.70, 1.70, ... 
1.70, 1.70, 1.70, 1.70, 1.70, 1.70, 1.70, 1.70; ... 
1.80, 1.80, 1.80, 1.80, 1.80, 1.80, 1.80, 1.80, 1.80, 1.80, ... 
1.80, 1.80, 1.80, 1.80, 1.80, 1.80, 1.80, 1.80, 1.80, 1.80, ... 
1.80, 1.80, 1.80, 1.80, 1.80, 1.80, 1.80, 1.80, 1.80, 1.80, ... 
1.80, 1.80, 1.80, 1.80, 1.80, 1.80, 1.80, 1.80; ... 
1.90, 1.90, 1.90, 1.90, 1.90, 1.90, 1.90, 1.90, 1.90, 1.90, ... 
1.90, 1.90, 1.90, 1.90, 1.90, 1.90, 1.90, 1.90, 1.90, 1.90, ... 
1.90, 1.90, 1.90, 1.90, 1.90, 1.90, 1.90, 1.90, 1.90, 1.90, ... 
1.90, 1.90, 1.90, 1.90, 1.90, 1.90, 1.90, 1.90; ... 
2.00, 2.00, 2.00, 2.00, 2.00, 2.00, 2.00, 2.00, 2.00, 2.00, ... 
2.00, 2.00, 2.00, 2.00, 2.00, 2.00, 2.00, 2.00, 2.00, 2.00, ... 
2.00, 2.00, 2.00, 2.00, 2.00, 2.00, 2.00, 2.00, 2.00, 2.00, ... 
2.00, 2.00, 2.00, 2.00, 2.00, 2.00, 2.00, 2.00; ... 
2.10, 2.10, 2.10, 2.10, 2.10, 2.10, 2.10, 2.10, 2.10, 2.10, ... 
2.10, 2.10, 2.10, 2.10, 2.10, 2.10, 2.10, 2.10, 2.10, 2.10, ... 
2.10, 2.10, 2.10, 2.10, 2.10, 2.10, 2.10, 2.10, 2.10, 2.10, ... 
2.10, 2.10, 2.10, 2.10, 2.10, 2.10, 2.10, 2.10; ... 
2.20, 2.20, 2.20, 2.20, 2.20, 2.20, 2.20, 2.20, 2.20, 2.20, ... 
2.20, 2.20, 2.20, 2.20, 2.20, 2.20, 2.20, 2.20, 2.20, 2.20, ... 
2.20, 2.20, 2.20, 2.20, 2.20, 2.20, 2.20, 2.20, 2.20, 2.20, ... 
2.20, 2.20, 2.20, 2.20, 2.20, 2.20, 2.20, 2.20; ... 
2.30, 2.30, 2.30, 2.30, 2.30, 2.30, 2.30, 2.30, 2.30, 2.30, ... 
2.30, 2.30, 2.30, 2.30, 2.30, 2.30, 2.30, 2.30, 2.30, 2.30, ... 
2.30, 2.30, 2.30, 2.30, 2.30, 2.30, 2.30, 2.30, 2.30, 2.30, ... 
2.30, 2.30, 2.30, 2.30, 2.30, 2.30, 2.30, 2.30; ... 
2.40, 2.40, 2.40, 2.40, 2.40, 2.40, 2.40, 2.40, 2.40, 2.40, ... 
2.40, 2.40, 2.40, 2.40, 2.40, 2.40, 2.40, 2.40, 2.40, 2.40, ... 
2.40, 2.40, 2.40, 2.40, 2.40, 2.40, 2.40, 2.40, 2.40, 2.40, ... 
2.40, 2.40, 2.40, 2.40, 2.40, 2.40, 2.40, 2.40; ... 
2.50, 2.50, 2.50, 2.50, 2.50, 2.50, 2.50, 2.50, 2.50, 2.50, ... 
2.50, 2.50, 2.50, 2.50, 2.50, 2.50, 2.50, 2.50, 2.50, 2.50, ... 
2.50, 2.50, 2.50, 2.50, 2.50, 2.50, 2.50, 2.50, 2.50, 2.50, ... 
2.50, 2.50, 2.50, 2.50, 2.50, 2.50, 2.50, 2.50; ... 
2.60, 2.60, 2.60, 2.60, 2.60, 2.60, 2.60, 2.60, 2.60, 2.60, ... 
2.60, 2.60, 2.60, 2.60, 2.60, 2.60, 2.60, 2.60, 2.60, 2.60, ... 
2.60, 2.60, 2.60, 2.60, 2.60, 2.60, 2.60, 2.60, 2.60, 2.60, ... 
2.60, 2.60, 2.60, 2.60, 2.60, 2.60, 2.60, 2.60; ... 
2.70, 2.70, 2.70, 2.70, 2.70, 2.70, 2.70, 2.70, 2.70, 2.70, ... 
2.70, 2.70, 2.70, 2.70, 2.70, 2.70, 2.70, 2.70, 2.70, 2.70, ... 
2.70, 2.70, 2.70, 2.70, 2.70, 2.70, 2.70, 2.70, 2.70, 2.70, ... 
2.70, 2.70, 2.70, 2.70, 2.70, 2.70, 2.70, 2.70; ... 
2.80, 2.80, 2.80, 2.80, 2.80, 2.80, 2.80, 2.80, 2.80, 2.80, ... 
2.80, 2.80, 2.80, 2.80, 2.80, 2.80, 2.80, 2.80, 2.80, 2.80, ... 
2.80, 2.80, 2.80, 2.80, 2.80, 2.80, 2.80, 2.80, 2.80, 2.80, ... 
2.80, 2.80, 2.80, 2.80, 2.80, 2.80, 2.80, 2.80; ... 
2.90, 2.90, 2.90, 2.90, 2.90, 2.90, 2.90, 2.90, 2.90, 2.90, ... 
2.90, 2.90, 2.90, 2.90, 2.90, 2.90, 2.90, 2.90, 2.90, 2.90, ... 
2.90, 2.90, 2.90, 2.90, 2.90, 2.90, 2.90, 2.90, 2.90, 2.90, ... 
2.90, 2.90, 2.90, 2.90, 2.90, 2.90, 2.90, 2.90; ... 
3.00, 3.00, 3.00, 3.00, 3.00, 3.00, 3.00, 3.00, 3.00, 3.00, ... 
3.00, 3.00, 3.00, 3.00, 3.00, 3.00, 3.00, 3.00, 3.00, 3.00, ... 
3.00, 3.00, 3.00, 3.00, 3.00, 3.00, 3.00, 3.00, 3.00, 3.00, ... 
3.00, 3.00, 3.00, 3.00, 3.00, 3.00, 3.00, 3.00; ... 
3.10, 3.10, 3.10, 3.10, 3.10, 3.10, 3.10, 3.10, 3.10, 3.10, ... 
3.10, 3.10, 3.10, 3.10, 3.10, 3.10, 3.10, 3.10, 3.10, 3.10, ... 
3.10, 3.10, 3.10, 3.10, 3.10, 3.10, 3.10, 3.10, 3.10, 3.10, ... 
3.10, 3.10, 3.10, 3.10, 3.10, 3.10, 3.10, 3.10; ... 
3.20, 3.20, 3.20, 3.20, 3.20, 3.20, 3.20, 3.20, 3.20, 3.20, ... 
3.20, 3.20, 3.20, 3.20, 3.20, 3.20, 3.20, 3.20, 3.20, 3.20, ... 
3.20, 3.20, 3.20, 3.20, 3.20, 3.20, 3.20, 3.20, 3.20, 3.20, ... 
3.20, 3.20, 3.20, 3.20, 3.20, 3.20, 3.20, 3.20; ... 
3.30, 3.30, 3.30, 3.30, 3.30, 3.30, 3.30, 3.30, 3.30, 3.30, ... 
3.30, 3.30, 3.30, 3.30, 3.30, 3.30, 3.30, 3.30, 3.30, 3.30, ... 
3.30, 3.30, 3.30, 3.30, 3.30, 3.30, 3.30, 3.30, 3.30, 3.30, ... 
3.30, 3.30, 3.30, 3.30, 3.30, 3.30, 3.30, 3.30; ... 
3.40, 3.40, 3.40, 3.40, 3.40, 3.40, 3.40, 3.40, 3.40, 3.40, ... 
3.40, 3.40, 3.40, 3.40, 3.40, 3.40, 3.40, 3.40, 3.40, 3.40, ... 
3.40, 3.40, 3.40, 3.40, 3.40, 3.40, 3.40, 3.40, 3.40, 3.40, ... 
3.40, 3.40, 3.40, 3.40, 3.40, 3.40, 3.40, 3.40; ... 
3.50, 3.50, 3.50, 3.50, 3.50, 3.50, 3.50, 3.50, 3.50, 3.50, ... 
3.50, 3.50, 3.50, 3.50, 3.50, 3.50, 3.50, 3.50, 3.50, 3.50, ... 
3.50, 3.50, 3.50, 3.50, 3.50, 3.50, 3.50, 3.50, 3.50, 3.50, ... 
3.50, 3.50, 3.50, 3.50, 3.50, 3.50, 3.50, 3.50; ... 
3.60, 3.60, 3.60, 3.60, 3.60, 3.60, 3.60, 3.60, 3.60, 3.60, ... 
3.60, 3.60, 3.60, 3.60, 3.60, 3.60, 3.60, 3.60, 3.60, 3.60, ... 
3.60, 3.60, 3.60, 3.60, 3.60, 3.60, 3.60, 3.60, 3.60, 3.60, ... 
3.60, 3.60, 3.60, 3.60, 3.60, 3.60, 3.60, 3.60; ... 
3.70, 3.70, 3.70, 3.70, 3.70, 3.70, 3.70, 3.70, 3.70, 3.70, ... 
3.70, 3.70, 3.70, 3.70, 3.70, 3.70, 3.70, 3.70, 3.70, 3.70, ... 
3.70, 3.70, 3.70, 3.70, 3.70, 3.70, 3.70, 3.70, 3.70, 3.70, ... 
3.70, 3.70, 3.70, 3.70, 3.70, 3.70, 3.70, 3.70; ... 
3.80, 3.80, 3.80, 3.80, 3.80, 3.80, 3.80, 3.80, 3.80, 3.80, ... 
3.80, 3.80, 3.80, 3.80, 3.80, 3.80, 3.80, 3.80, 3.80, 3.80, ... 
3.80, 3.80, 3.80, 3.80, 3.80, 3.80, 3.80, 3.80, 3.80, 3.80, ... 
3.80, 3.80, 3.80, 3.80, 3.80, 3.80, 3.80, 3.80; ... 
3.90, 3.90, 3.90, 3.90, 3.90, 3.90, 3.90, 3.90, 3.90, 3.90, ... 
3.90, 3.90, 3.90, 3.90, 3.90, 3.90, 3.90, 3.90, 3.90, 3.90, ... 
3.90, 3.90, 3.90, 3.90, 3.90, 3.90, 3.90, 3.90, 3.90, 3.90, ... 
3.90, 3.90, 3.90, 3.90, 3.90, 3.90, 3.90, 3.90; ... 
4.00, 4.00, 4.00, 4.00, 4.00, 4.00, 4.00, 4.00, 4.00, 4.00, ... 
4.00, 4.00, 4.00, 4.00, 4.00, 4.00, 4.00, 4.00, 4.00, 4.00, ... 
4.00, 4.00, 4.00, 4.00, 4.00, 4.00, 4.00, 4.00, 4.00, 4.00, ... 
4.00, 4.00, 4.00, 4.00, 4.00, 4.00, 4.00, 4.00; ... 
4.10, 4.10, 4.10, 4.10, 4.10, 4.10, 4.10, 4.10, 4.10, 4.10, ... 
4.10, 4.10, 4.10, 4.10, 4.10, 4.10, 4.10, 4.10, 4.10, 4.10, ... 
4.10, 4.10, 4.10, 4.10, 4.10, 4.10, 4.10, 4.10, 4.10, 4.10, ... 
4.10, 4.10, 4.10, 4.10, 4.10, 4.10, 4.10, 4.10; ... 
4.20, 4.20, 4.20, 4.20, 4.20, 4.20, 4.20, 4.20, 4.20, 4.20, ... 
4.20, 4.20, 4.20, 4.20, 4.20, 4.20, 4.20, 4.20, 4.20, 4.20, ... 
4.20, 4.20, 4.20, 4.20, 4.20, 4.20, 4.20, 4.20, 4.20, 4.20, ... 
4.20, 4.20, 4.20, 4.20, 4.20, 4.20, 4.20, 4.20; ... 
4.30, 4.30, 4.30, 4.30, 4.30, 4.30, 4.30, 4.30, 4.30, 4.30, ... 
4.30, 4.30, 4.30, 4.30, 4.30, 4.30, 4.30, 4.30, 4.30, 4.30, ... 
4.30, 4.30, 4.30, 4.30, 4.30, 4.30, 4.30, 4.30, 4.30, 4.30, ... 
4.30, 4.30, 4.30, 4.30, 4.30, 4.30, 4.30, 4.30; ... 
4.40, 4.40, 4.40, 4.40, 4.40, 4.40, 4.40, 4.40, 4.40, 4.40, ... 
4.40, 4.40, 4.40, 4.40, 4.40, 4.40, 4.40, 4.40, 4.40, 4.40, ... 
4.40, 4.40, 4.40, 4.40, 4.40, 4.40, 4.40, 4.40, 4.40, 4.40, ... 
4.40, 4.40, 4.40, 4.40, 4.40, 4.40, 4.40, 4.40; ... 
4.50, 4.50, 4.50, 4.50, 4.50, 4.50, 4.50, 4.50, 4.50, 4.50, ... 
4.50, 4.50, 4.50, 4.50, 4.50, 4.50, 4.50, 4.50, 4.50, 4.50, ... 
4.50, 4.50, 4.50, 4.50, 4.50, 4.50, 4.50, 4.50, 4.50, 4.50, ... 
4.50, 4.50, 4.50, 4.50, 4.50, 4.50, 4.50, 4.50; ... 
4.60, 4.60, 4.60, 4.60, 4.60, 4.60, 4.60, 4.60, 4.60, 4.60, ... 
4.60, 4.60, 4.60, 4.60, 4.60, 4.60, 4.60, 4.60, 4.60, 4.60, ... 
4.60, 4.60, 4.60, 4.60, 4.60, 4.60, 4.60, 4.60, 4.60, 4.60, ... 
4.60, 4.60, 4.60, 4.60, 4.60, 4.60, 4.60, 4.60; ... 
4.70, 4.70, 4.70, 4.70, 4.70, 4.70, 4.70, 4.70, 4.70, 4.70, ... 
4.70, 4.70, 4.70, 4.70, 4.70, 4.70, 4.70, 4.70, 4.70, 4.70, ... 
4.70, 4.70, 4.70, 4.70, 4.70, 4.70, 4.70, 4.70, 4.70, 4.70, ... 
4.70, 4.70, 4.70, 4.70, 4.70, 4.70, 4.70, 4.70; ... 
4.80, 4.80, 4.80, 4.80, 4.80, 4.80, 4.80, 4.80, 4.80, 4.80, ... 
4.80, 4.80, 4.80, 4.80, 4.80, 4.80, 4.80, 4.80, 4.80, 4.80, ... 
4.80, 4.80, 4.80, 4.80, 4.80, 4.80, 4.80, 4.80, 4.80, 4.80, ... 
4.80, 4.80, 4.80, 4.80, 4.80, 4.80, 4.80, 4.80; ... 
4.90, 4.90, 4.90, 4.90, 4.90, 4.90, 4.90, 4.90, 4.90, 4.90, ... 
4.90, 4.90, 4.90, 4.90, 4.90, 4.90, 4.90, 4.90, 4.90, 4.90, ... 
4.90, 4.90, 4.90, 4.90, 4.90, 4.90, 4.90, 4.90, 4.90, 4.90, ... 
4.90, 4.90, 4.90, 4.90, 4.90, 4.90, 4.90, 4.90; ... 
5.00, 5.00, 5.00, 5.00, 5.00, 5.00, 5.00, 5.00, 5.00, 5.00, ... 
5.00, 5.00, 5.00, 5.00, 5.00, 5.00, 5.00, 5.00, 5.00, 5.00, ... 
5.00, 5.00, 5.00, 5.00, 5.00, 5.00, 5.00, 5.00, 5.00, 5.00, ... 
5.00, 5.00, 5.00, 5.00, 5.00, 5.00, 5.00, 5.00; ... 
5.50, 5.50, 5.50, 5.50, 5.50, 5.50, 5.50, 5.50, 5.50, 5.50, ... 
5.50, 5.50, 5.50, 5.50, 5.50, 5.50, 5.50, 5.50, 5.50, 5.50, ... 
5.50, 5.50, 5.50, 5.50, 5.50, 5.50, 5.50, 5.50, 5.50, 5.50, ... 
5.50, 5.50, 5.50, 5.50, 5.50, 5.50, 5.50, 5.50; ... 
6.00, 6.00, 6.00, 6.00, 6.00, 6.00, 6.00, 6.00, 6.00, 6.00, ... 
6.00, 6.00, 6.00, 6.00, 6.00, 6.00, 6.00, 6.00, 6.00, 6.00, ... 
6.00, 6.00, 6.00, 6.00, 6.00, 6.00, 6.00, 6.00, 6.00, 6.00, ... 
6.00, 6.00, 6.00, 6.00, 6.00, 6.00, 6.00, 6.00; ... 
6.50, 6.50, 6.50, 6.50, 6.50, 6.50, 6.50, 6.50, 6.50, 6.50, ... 
6.50, 6.50, 6.50, 6.50, 6.50, 6.50, 6.50, 6.50, 6.50, 6.50, ... 
6.50, 6.50, 6.50, 6.50, 6.50, 6.50, 6.50, 6.50, 6.50, 6.50, ... 
6.50, 6.50, 6.50, 6.50, 6.50, 6.50, 6.50, 6.50; ... 
7.00, 7.00, 7.00, 7.00, 7.00, 7.00, 7.00, 7.00, 7.00, 7.00, ... 
7.00, 7.00, 7.00, 7.00, 7.00, 7.00, 7.00, 7.00, 7.00, 7.00, ... 
7.00, 7.00, 7.00, 7.00, 7.00, 7.00, 7.00, 7.00, 7.00, 7.00, ... 
7.00, 7.00, 7.00, 7.00, 7.00, 7.00, 7.00, 7.00; ... 
7.50, 7.50, 7.50, 7.50, 7.50, 7.50, 7.50, 7.50, 7.50, 7.50, ... 
7.50, 7.50, 7.50, 7.50, 7.50, 7.50, 7.50, 7.50, 7.50, 7.50, ... 
7.50, 7.50, 7.50, 7.50, 7.50, 7.50, 7.50, 7.50, 7.50, 7.50, ... 
7.50, 7.50, 7.50, 7.50, 7.50, 7.50, 7.50, 7.50; ... 
8.00, 8.00, 8.00, 8.00, 8.00, 8.00, 8.00, 8.00, 8.00, 8.00, ... 
8.00, 8.00, 8.00, 8.00, 8.00, 8.00, 8.00, 8.00, 8.00, 8.00, ... 
8.00, 8.00, 8.00, 8.00, 8.00, 8.00, 8.00, 8.00, 8.00, 8.00, ... 
8.00, 8.00, 8.00, 8.00, 8.00, 8.00, 8.00, 8.00; ... 
8.50, 8.50, 8.50, 8.50, 8.50, 8.50, 8.50, 8.50, 8.50, 8.50, ... 
8.50, 8.50, 8.50, 8.50, 8.50, 8.50, 8.50, 8.50, 8.50, 8.50, ... 
8.50, 8.50, 8.50, 8.50, 8.50, 8.50, 8.50, 8.50, 8.50, 8.50, ... 
8.50, 8.50, 8.50, 8.50, 8.50, 8.50, 8.50, 8.50; ... 
9.00, 9.00, 9.00, 9.00, 9.00, 9.00, 9.00, 9.00, 9.00, 9.00, ... 
9.00, 9.00, 9.00, 9.00, 9.00, 9.00, 9.00, 9.00, 9.00, 9.00, ... 
9.00, 9.00, 9.00, 9.00, 9.00, 9.00, 9.00, 9.00, 9.00, 9.00, ... 
9.00, 9.00, 9.00, 9.00, 9.00, 9.00, 9.00, 9.00; ... 
9.50, 9.50, 9.50, 9.50, 9.50, 9.50, 9.50, 9.50, 9.50, 9.50, ... 
9.50, 9.50, 9.50, 9.50, 9.50, 9.50, 9.50, 9.50, 9.50, 9.50, ... 
9.50, 9.50, 9.50, 9.50, 9.50, 9.50, 9.50, 9.50, 9.50, 9.50, ... 
9.50, 9.50, 9.50, 9.50, 9.50, 9.50, 9.50, 9.50; ... 
10.00, 10.00, 10.00, 10.00, 10.00, 10.00, 10.00, 10.00, 10.00, 10.00, ... 
10.00, 10.00, 10.00, 10.00, 10.00, 10.00, 10.00, 10.00, 10.00, 10.00, ... 
10.00, 10.00, 10.00, 10.00, 10.00, 10.00, 10.00, 10.00, 10.00, 10.00, ... 
10.00, 10.00, 10.00, 10.00, 10.00, 10.00, 10.00, 10.00; ... 
]; 

bnr = [ ...
1.33333, 1.33691, 1.31374, 1.29310, 1.27750, 1.26584, 1.25693, 1.25019, 1.24482, 1.24039, ... 
1.23682, 1.23381, 1.23132, 1.22912, 1.22739, 1.22567, 1.22419, 1.22292, 1.22168, 1.22083, ... 
1.21975, 1.21879, 1.21821, 1.21745, 1.21672, 1.21627, 1.21581, 1.21499, 1.21460, 1.21288, ... 
1.21120, 1.21017, 1.20926, 1.20776, 1.20688, 1.20625, 1.20579, 1.20524; ... 
1.33333, 1.33739, 1.31452, 1.29417, 1.27878, 1.26723, 1.25843, 1.25164, 1.24632, 1.24202, ... 
1.23842, 1.23548, 1.23298, 1.23069, 1.22903, 1.22735, 1.22578, 1.22453, 1.22338, 1.22244, ... 
1.22150, 1.22062, 1.21979, 1.21907, 1.21846, 1.21785, 1.21737, 1.21691, 1.21639, 1.21443, ... 
1.21295, 1.21171, 1.21091, 1.20945, 1.20865, 1.20789, 1.20739, 1.20715; ... 
1.33337, 1.33803, 1.31575, 1.29578, 1.28051, 1.26912, 1.26048, 1.25379, 1.24842, 1.24416, ... 
1.24067, 1.23777, 1.23513, 1.23303, 1.23124, 1.22956, 1.22814, 1.22683, 1.22567, 1.22472, ... 
1.22383, 1.22290, 1.22219, 1.22142, 1.22088, 1.22026, 1.21952, 1.21911, 1.21876, 1.21676, ... 
1.21543, 1.21412, 1.21310, 1.21186, 1.21098, 1.21031, 1.20997, 1.20934; ... 
1.33341, 1.33889, 1.31730, 1.29775, 1.28279, 1.27164, 1.26303, 1.25652, 1.25125, 1.24696, ... 
1.24349, 1.24060, 1.23815, 1.23597, 1.23420, 1.23257, 1.23120, 1.22987, 1.22872, 1.22765, ... 
1.22680, 1.22597, 1.22527, 1.22446, 1.22388, 1.22322, 1.22273, 1.22225, 1.22179, 1.21979, ... 
1.21834, 1.21724, 1.21631, 1.21502, 1.21412, 1.21344, 1.21282, 1.21250; ... 
1.33350, 1.33992, 1.31920, 1.30026, 1.28566, 1.27464, 1.26635, 1.25984, 1.25472, 1.25040, ... 
1.24704, 1.24418, 1.24175, 1.23958, 1.23779, 1.23617, 1.23484, 1.23356, 1.23242, 1.23128, ... 
1.23051, 1.22975, 1.22889, 1.22822, 1.22772, 1.22703, 1.22652, 1.22599, 1.22561, 1.22357, ... 
1.22230, 1.22123, 1.22028, 1.21887, 1.21787, 1.21714, 1.21663, 1.21635; ... 
1.33362, 1.34127, 1.32148, 1.30319, 1.28901, 1.27835, 1.27015, 1.26387, 1.25876, 1.25461, ... 
1.25117, 1.24841, 1.24588, 1.24381, 1.24213, 1.24050, 1.23904, 1.23782, 1.23682, 1.23572, ... 
1.23497, 1.23410, 1.23332, 1.23278, 1.23206, 1.23140, 1.23093, 1.23031, 1.22990, 1.22814, ... 
1.22661, 1.22553, 1.22463, 1.22330, 1.22245, 1.22157, 1.22127, 1.22079; ... 
1.33384, 1.34279, 1.32420, 1.30657, 1.29295, 1.28257, 1.27472, 1.26839, 1.26339, 1.25938, ... 
1.25603, 1.25323, 1.25090, 1.24887, 1.24722, 1.24557, 1.24416, 1.24302, 1.24191, 1.24091, ... 
1.24014, 1.23924, 1.23848, 1.23774, 1.23715, 1.23657, 1.23604, 1.23562, 1.23516, 1.23325, ... 
1.23169, 1.23090, 1.22992, 1.22855, 1.22778, 1.22717, 1.22656, 1.22611; ... 
1.33411, 1.34462, 1.32726, 1.31060, 1.29748, 1.28745, 1.27972, 1.27369, 1.26886, 1.26497, ... 
1.26166, 1.25887, 1.25658, 1.25451, 1.25285, 1.25134, 1.25000, 1.24870, 1.24766, 1.24676, ... 
1.24585, 1.24496, 1.24426, 1.24358, 1.24314, 1.24242, 1.24192, 1.24153, 1.24108, 1.23913, ... 
1.23787, 1.23681, 1.23577, 1.23464, 1.23386, 1.23299, 1.23260, 1.23213; ... 
1.33449, 1.34674, 1.33079, 1.31498, 1.30250, 1.29289, 1.28549, 1.27962, 1.27488, 1.27103, ... 
1.26782, 1.26525, 1.26298, 1.26097, 1.25924, 1.25774, 1.25653, 1.25529, 1.25423, 1.25338, ... 
1.25245, 1.25149, 1.25097, 1.25023, 1.24964, 1.24910, 1.24860, 1.24809, 1.24780, 1.24582, ... 
1.24450, 1.24335, 1.24271, 1.24129, 1.24059, 1.23998, 1.23936, 1.23888; ... 
1.33498, 1.34921, 1.33481, 1.31998, 1.30817, 1.29898, 1.29182, 1.28615, 1.28170, 1.27783, ... 
1.27480, 1.27221, 1.27004, 1.26807, 1.26642, 1.26500, 1.26367, 1.26259, 1.26139, 1.26059, ... 
1.25959, 1.25891, 1.25813, 1.25764, 1.25695, 1.25637, 1.25595, 1.25526, 1.25515, 1.25318, ... 
1.25190, 1.25091, 1.24993, 1.24880, 1.24782, 1.24742, 1.24664, 1.24616; ... 
1.33560, 1.35194, 1.33915, 1.32548, 1.31432, 1.30556, 1.29881, 1.29337, 1.28901, 1.28548, ... 
1.28234, 1.27988, 1.27768, 1.27585, 1.27423, 1.27295, 1.27157, 1.27054, 1.26940, 1.26857, ... 
1.26763, 1.26693, 1.26631, 1.26545, 1.26504, 1.26465, 1.26400, 1.26346, 1.26317, 1.26142, ... 
1.25996, 1.25906, 1.25824, 1.25691, 1.25628, 1.25555, 1.25516, 1.25465; ... 
1.33635, 1.35504, 1.34399, 1.33144, 1.32107, 1.31282, 1.30632, 1.30119, 1.29707, 1.29352, ... 
1.29064, 1.28824, 1.28617, 1.28432, 1.28277, 1.28137, 1.28021, 1.27917, 1.27805, 1.27730, ... 
1.27645, 1.27563, 1.27503, 1.27435, 1.27382, 1.27336, 1.27278, 1.27240, 1.27191, 1.27025, ... 
1.26912, 1.26800, 1.26711, 1.26610, 1.26540, 1.26469, 1.26402, 1.26367; ... 
1.33725, 1.35836, 1.34922, 1.33789, 1.32832, 1.32060, 1.31458, 1.30962, 1.30563, 1.30229, ... 
1.29961, 1.29719, 1.29523, 1.29341, 1.29186, 1.29058, 1.28958, 1.28846, 1.28748, 1.28664, ... 
1.28590, 1.28513, 1.28448, 1.28390, 1.28324, 1.28289, 1.28240, 1.28202, 1.28162, 1.27979, ... 
1.27872, 1.27776, 1.27694, 1.27548, 1.27498, 1.27445, 1.27359, 1.27339; ... 
1.33831, 1.36197, 1.35480, 1.34476, 1.33601, 1.32887, 1.32317, 1.31856, 1.31478, 1.31158, ... 
1.30901, 1.30681, 1.30498, 1.30324, 1.30176, 1.30049, 1.29942, 1.29835, 1.29731, 1.29663, ... 
1.29586, 1.29525, 1.29450, 1.29397, 1.29342, 1.29290, 1.29241, 1.29210, 1.29157, 1.29011, ... 
1.28884, 1.28807, 1.28727, 1.28598, 1.28532, 1.28494, 1.28416, 1.28347; ... 
1.33951, 1.36589, 1.36074, 1.35202, 1.34419, 1.33764, 1.33233, 1.32799, 1.32457, 1.32158, ... 
1.31912, 1.31704, 1.31515, 1.31345, 1.31216, 1.31103, 1.30983, 1.30893, 1.30790, 1.30736, ... 
1.30651, 1.30586, 1.30517, 1.30461, 1.30422, 1.30366, 1.30334, 1.30293, 1.30252, 1.30092, ... 
1.29968, 1.29893, 1.29793, 1.29709, 1.29647, 1.29552, 1.29519, 1.29505; ... 
1.34083, 1.37006, 1.36696, 1.35971, 1.35265, 1.34679, 1.34193, 1.33804, 1.33472, 1.33196, ... 
1.32969, 1.32770, 1.32595, 1.32457, 1.32303, 1.32195, 1.32088, 1.32005, 1.31916, 1.31838, ... 
1.31771, 1.31723, 1.31651, 1.31590, 1.31551, 1.31496, 1.31455, 1.31418, 1.31390, 1.31220, ... 
1.31131, 1.31039, 1.30955, 1.30846, 1.30781, 1.30730, 1.30668, 1.30660; ... 
1.34227, 1.37444, 1.37341, 1.36743, 1.36153, 1.35633, 1.35192, 1.34827, 1.34526, 1.34265, ... 
1.34056, 1.33872, 1.33703, 1.33572, 1.33442, 1.33335, 1.33234, 1.33153, 1.33077, 1.32986, ... 
1.32935, 1.32874, 1.32828, 1.32779, 1.32723, 1.32666, 1.32637, 1.32605, 1.32568, 1.32421, ... 
1.32314, 1.32246, 1.32168, 1.32070, 1.32020, 1.31936, 1.31909, 1.31897; ... 
1.34381, 1.37887, 1.38000, 1.37551, 1.37049, 1.36597, 1.36208, 1.35889, 1.35611, 1.35377, ... 
1.35173, 1.35003, 1.34855, 1.34739, 1.34628, 1.34516, 1.34424, 1.34333, 1.34263, 1.34205, ... 
1.34133, 1.34083, 1.34028, 1.33975, 1.33941, 1.33900, 1.33851, 1.33825, 1.33795, 1.33657, ... 
1.33555, 1.33476, 1.33401, 1.33291, 1.33263, 1.33193, 1.33149, 1.33105; ... 
1.34542, 1.38346, 1.38675, 1.38363, 1.37963, 1.37571, 1.37240, 1.36957, 1.36713, 1.36506, ... 
1.36323, 1.36172, 1.36029, 1.35903, 1.35794, 1.35704, 1.35622, 1.35544, 1.35476, 1.35411, ... 
1.35347, 1.35301, 1.35252, 1.35211, 1.35173, 1.35139, 1.35089, 1.35070, 1.35034, 1.34923, ... 
1.34819, 1.34725, 1.34658, 1.34586, 1.34530, 1.34485, 1.34452, 1.34410; ... 
1.34704, 1.38794, 1.39340, 1.39175, 1.38869, 1.38561, 1.38272, 1.38031, 1.37817, 1.37624, ... 
1.37455, 1.37328, 1.37212, 1.37098, 1.36993, 1.36911, 1.36834, 1.36769, 1.36711, 1.36642, ... 
1.36597, 1.36543, 1.36498, 1.36458, 1.36426, 1.36384, 1.36355, 1.36327, 1.36295, 1.36192, ... 
1.36107, 1.36034, 1.35982, 1.35895, 1.35798, 1.35757, 1.35746, 1.35695; ... 
1.34872, 1.39244, 1.39992, 1.39977, 1.39763, 1.39523, 1.39287, 1.39088, 1.38895, 1.38748, ... 
1.38601, 1.38482, 1.38359, 1.38273, 1.38196, 1.38119, 1.38047, 1.37973, 1.37931, 1.37882, ... 
1.37836, 1.37775, 1.37746, 1.37715, 1.37655, 1.37634, 1.37601, 1.37566, 1.37554, 1.37451, ... 
1.37377, 1.37290, 1.37266, 1.37156, 1.37085, 1.37050, 1.37057, 1.37034; ... 
1.35038, 1.39684, 1.40629, 1.40742, 1.40640, 1.40462, 1.40288, 1.40123, 1.39975, 1.39840, ... 
1.39711, 1.39607, 1.39519, 1.39439, 1.39350, 1.39276, 1.39223, 1.39176, 1.39139, 1.39070, ... 
1.39046, 1.39001, 1.38967, 1.38927, 1.38909, 1.38866, 1.38851, 1.38818, 1.38802, 1.38690, ... 
1.38600, 1.38562, 1.38531, 1.38428, 1.38387, 1.38369, 1.38320, 1.38293; ... 
1.35200, 1.40100, 1.41230, 1.41484, 1.41467, 1.41361, 1.41246, 1.41107, 1.40991, 1.40894, ... 
1.40790, 1.40712, 1.40628, 1.40558, 1.40495, 1.40424, 1.40376, 1.40329, 1.40297, 1.40245, ... 
1.40223, 1.40174, 1.40139, 1.40125, 1.40103, 1.40058, 1.40033, 1.40033, 1.39996, 1.39907, ... 
1.39858, 1.39802, 1.39753, 1.39689, 1.39619, 1.39641, 1.39587, 1.39545; ... 
1.35350, 1.40484, 1.41801, 1.42170, 1.42255, 1.42221, 1.42153, 1.42066, 1.41971, 1.41888, ... 
1.41819, 1.41762, 1.41688, 1.41631, 1.41575, 1.41538, 1.41491, 1.41448, 1.41421, 1.41379, ... 
1.41357, 1.41316, 1.41290, 1.41276, 1.41239, 1.41213, 1.41199, 1.41186, 1.41164, 1.41087, ... 
1.41022, 1.40965, 1.40956, 1.40898, 1.40831, 1.40829, 1.40759, 1.40797; ... 
1.35495, 1.40848, 1.42331, 1.42816, 1.42978, 1.43015, 1.43007, 1.42946, 1.42899, 1.42840, ... 
1.42787, 1.42741, 1.42683, 1.42654, 1.42595, 1.42564, 1.42517, 1.42502, 1.42468, 1.42440, ... 
1.42412, 1.42391, 1.42381, 1.42338, 1.42330, 1.42303, 1.42284, 1.42271, 1.42269, 1.42210, ... 
1.42163, 1.42127, 1.42091, 1.42065, 1.41985, 1.41986, 1.41936, 1.41891; ... 
1.35627, 1.41179, 1.42808, 1.43404, 1.43649, 1.43754, 1.43780, 1.43762, 1.43753, 1.43713, ... 
1.43680, 1.43646, 1.43603, 1.43592, 1.43551, 1.43530, 1.43494, 1.43486, 1.43454, 1.43445, ... 
1.43406, 1.43401, 1.43381, 1.43385, 1.43351, 1.43346, 1.43328, 1.43321, 1.43280, 1.43241, ... 
1.43204, 1.43164, 1.43143, 1.43109, 1.43083, 1.43065, 1.43037, 1.43037; ... 
1.35745, 1.41478, 1.43239, 1.43938, 1.44252, 1.44410, 1.44480, 1.44505, 1.44508, 1.44505, ... 
1.44501, 1.44477, 1.44447, 1.44447, 1.44430, 1.44411, 1.44381, 1.44375, 1.44356, 1.44348, ... 
1.44340, 1.44315, 1.44313, 1.44287, 1.44297, 1.44275, 1.44267, 1.44254, 1.44254, 1.44190, ... 
1.44198, 1.44142, 1.44130, 1.44095, 1.44107, 1.44043, 1.44051, 1.44053; ... 
1.35850, 1.41733, 1.43617, 1.44405, 1.44785, 1.44994, 1.45104, 1.45160, 1.45196, 1.45214, ... 
1.45224, 1.45215, 1.45220, 1.45223, 1.45212, 1.45200, 1.45191, 1.45178, 1.45158, 1.45168, ... 
1.45168, 1.45165, 1.45138, 1.45126, 1.45130, 1.45123, 1.45124, 1.45120, 1.45108, 1.45085, ... 
1.45056, 1.45045, 1.45036, 1.45004, 1.44977, 1.44957, 1.44969, 1.44967; ... 
1.35937, 1.41963, 1.43947, 1.44814, 1.45259, 1.45506, 1.45654, 1.45740, 1.45806, 1.45840, ... 
1.45864, 1.45887, 1.45894, 1.45898, 1.45916, 1.45909, 1.45910, 1.45911, 1.45903, 1.45910, ... 
1.45886, 1.45894, 1.45894, 1.45888, 1.45879, 1.45882, 1.45884, 1.45864, 1.45861, 1.45859, ... 
1.45832, 1.45823, 1.45804, 1.45822, 1.45827, 1.45788, 1.45771, 1.45783; ... 
1.36022, 1.42158, 1.44229, 1.45160, 1.45656, 1.45941, 1.46128, 1.46248, 1.46329, 1.46390, ... 
1.46425, 1.46468, 1.46480, 1.46501, 1.46529, 1.46521, 1.46540, 1.46526, 1.46535, 1.46543, ... 
1.46518, 1.46538, 1.46549, 1.46536, 1.46559, 1.46545, 1.46556, 1.46554, 1.46540, 1.46546, ... 
1.46548, 1.46513, 1.46538, 1.46518, 1.46514, 1.46490, 1.46508, 1.46512; ... 
1.36088, 1.42319, 1.44462, 1.45463, 1.45989, 1.46320, 1.46529, 1.46676, 1.46787, 1.46849, ... 
1.46897, 1.46938, 1.46986, 1.47023, 1.47036, 1.47058, 1.47054, 1.47078, 1.47090, 1.47099, ... 
1.47098, 1.47119, 1.47100, 1.47110, 1.47114, 1.47134, 1.47113, 1.47124, 1.47138, 1.47151, ... 
1.47148, 1.47137, 1.47170, 1.47153, 1.47180, 1.47144, 1.47133, 1.47139; ... 
1.36142, 1.42450, 1.44660, 1.45702, 1.46276, 1.46630, 1.46870, 1.47032, 1.47150, 1.47234, ... 
1.47304, 1.47361, 1.47404, 1.47431, 1.47475, 1.47481, 1.47506, 1.47529, 1.47553, 1.47567, ... 
1.47569, 1.47589, 1.47571, 1.47602, 1.47592, 1.47599, 1.47618, 1.47597, 1.47643, 1.47640, ... 
1.47657, 1.47655, 1.47675, 1.47654, 1.47647, 1.47661, 1.47700, 1.47707; ... 
1.36190, 1.42556, 1.44814, 1.45900, 1.46509, 1.46890, 1.47138, 1.47330, 1.47467, 1.47559, ... 
1.47653, 1.47690, 1.47752, 1.47797, 1.47833, 1.47869, 1.47891, 1.47909, 1.47915, 1.47945, ... 
1.47959, 1.47988, 1.47984, 1.48008, 1.48003, 1.48006, 1.48031, 1.48034, 1.48049, 1.48063, ... 
1.48069, 1.48096, 1.48116, 1.48128, 1.48138, 1.48144, 1.48148, 1.48162; ... 
1.36224, 1.42647, 1.44946, 1.46065, 1.46696, 1.47099, 1.47374, 1.47580, 1.47709, 1.47820, ... 
1.47903, 1.47995, 1.48032, 1.48096, 1.48122, 1.48165, 1.48202, 1.48233, 1.48244, 1.48281, ... 
1.48288, 1.48296, 1.48310, 1.48319, 1.48337, 1.48351, 1.48362, 1.48375, 1.48386, 1.48398, ... 
1.48450, 1.48452, 1.48455, 1.48456, 1.48530, 1.48531, 1.48526, 1.48530; ... 
1.36252, 1.42717, 1.45049, 1.46190, 1.46843, 1.47255, 1.47551, 1.47758, 1.47915, 1.48041, ... 
1.48132, 1.48213, 1.48288, 1.48324, 1.48386, 1.48413, 1.48437, 1.48478, 1.48507, 1.48513, ... 
1.48550, 1.48571, 1.48589, 1.48583, 1.48612, 1.48634, 1.48641, 1.48648, 1.48656, 1.48664, ... 
1.48714, 1.48765, 1.48748, 1.48782, 1.48826, 1.48823, 1.48814, 1.48835; ... 
1.36274, 1.42770, 1.45122, 1.46290, 1.46961, 1.47390, 1.47684, 1.47902, 1.48071, 1.48200, ... 
1.48302, 1.48382, 1.48454, 1.48516, 1.48554, 1.48595, 1.48641, 1.48669, 1.48709, 1.48739, ... 
1.48753, 1.48766, 1.48788, 1.48820, 1.48827, 1.48851, 1.48846, 1.48850, 1.48869, 1.48934, ... 
1.48950, 1.48998, 1.49022, 1.49040, 1.49044, 1.49058, 1.49061, 1.49086; ... 
1.36293, 1.42808, 1.45188, 1.46362, 1.47044, 1.47495, 1.47799, 1.48023, 1.48189, 1.48328, ... 
1.48440, 1.48523, 1.48611, 1.48664, 1.48714, 1.48753, 1.48786, 1.48838, 1.48863, 1.48884, ... 
1.48927, 1.48949, 1.48972, 1.48979, 1.48974, 1.48996, 1.49025, 1.49045, 1.49054, 1.49092, ... 
1.49119, 1.49164, 1.49195, 1.49209, 1.49235, 1.49265, 1.49275, 1.49279; ... 
1.36305, 1.42839, 1.45233, 1.46423, 1.47112, 1.47573, 1.47887, 1.48109, 1.48299, 1.48430, ... 
1.48541, 1.48631, 1.48708, 1.48769, 1.48831, 1.48870, 1.48914, 1.48960, 1.48981, 1.49031, ... 
1.49043, 1.49073, 1.49078, 1.49110, 1.49111, 1.49155, 1.49162, 1.49152, 1.49162, 1.49242, ... 
1.49289, 1.49287, 1.49333, 1.49378, 1.49370, 1.49424, 1.49445, 1.49458; ... 
1.36313, 1.42863, 1.45271, 1.46459, 1.47170, 1.47620, 1.47946, 1.48186, 1.48366, 1.48508, ... 
1.48606, 1.48700, 1.48796, 1.48854, 1.48924, 1.48953, 1.49008, 1.49041, 1.49081, 1.49107, ... 
1.49129, 1.49173, 1.49191, 1.49200, 1.49214, 1.49235, 1.49268, 1.49273, 1.49295, 1.49359, ... 
1.49372, 1.49410, 1.49425, 1.49495, 1.49518, 1.49540, 1.49509, 1.49566; ... 
1.36319, 1.42884, 1.45293, 1.46494, 1.47200, 1.47675, 1.47979, 1.48211, 1.48414, 1.48563, ... 
1.48674, 1.48759, 1.48844, 1.48923, 1.48976, 1.49037, 1.49080, 1.49120, 1.49153, 1.49185, ... 
1.49206, 1.49228, 1.49260, 1.49295, 1.49297, 1.49311, 1.49333, 1.49347, 1.49347, 1.49429, ... 
1.49462, 1.49500, 1.49534, 1.49548, 1.49601, 1.49603, 1.49607, 1.49621; ... 
1.36327, 1.42888, 1.45312, 1.46518, 1.47233, 1.47691, 1.48021, 1.48260, 1.48456, 1.48583, ... 
1.48727, 1.48812, 1.48882, 1.48965, 1.49031, 1.49084, 1.49125, 1.49168, 1.49194, 1.49228, ... 
1.49271, 1.49294, 1.49327, 1.49345, 1.49356, 1.49368, 1.49382, 1.49400, 1.49424, 1.49498, ... 
1.49521, 1.49544, 1.49589, 1.49640, 1.49661, 1.49644, 1.49706, 1.49705; ... 
1.36329, 1.42902, 1.45322, 1.46532, 1.47249, 1.47708, 1.48048, 1.48292, 1.48483, 1.48624, ... 
1.48744, 1.48846, 1.48933, 1.48990, 1.49059, 1.49106, 1.49170, 1.49201, 1.49238, 1.49269, ... 
1.49302, 1.49335, 1.49339, 1.49375, 1.49395, 1.49388, 1.49435, 1.49449, 1.49474, 1.49508, ... 
1.49564, 1.49622, 1.49626, 1.49694, 1.49698, 1.49761, 1.49709, 1.49754; ... 
1.36331, 1.42905, 1.45329, 1.46542, 1.47264, 1.47739, 1.48075, 1.48302, 1.48504, 1.48646, ... 
1.48768, 1.48869, 1.48943, 1.49019, 1.49097, 1.49145, 1.49204, 1.49231, 1.49283, 1.49308, ... 
1.49347, 1.49369, 1.49383, 1.49412, 1.49424, 1.49437, 1.49480, 1.49494, 1.49488, 1.49551, ... 
1.49599, 1.49643, 1.49674, 1.49699, 1.49744, 1.49771, 1.49782, 1.49760; ... 
1.36336, 1.42907, 1.45339, 1.46545, 1.47269, 1.47736, 1.48076, 1.48322, 1.48501, 1.48642, ... 
1.48784, 1.48880, 1.48959, 1.49032, 1.49114, 1.49152, 1.49218, 1.49247, 1.49289, 1.49299, ... 
1.49361, 1.49378, 1.49390, 1.49426, 1.49435, 1.49465, 1.49476, 1.49511, 1.49512, 1.49572, ... 
1.49627, 1.49639, 1.49688, 1.49741, 1.49785, 1.49755, 1.49769, 1.49799; ... 
1.36334, 1.42914, 1.45344, 1.46552, 1.47283, 1.47750, 1.48084, 1.48342, 1.48518, 1.48677, ... 
1.48790, 1.48889, 1.48991, 1.49059, 1.49115, 1.49157, 1.49195, 1.49272, 1.49296, 1.49335, ... 
1.49369, 1.49376, 1.49414, 1.49418, 1.49455, 1.49479, 1.49513, 1.49488, 1.49523, 1.49604, ... 
1.49640, 1.49696, 1.49711, 1.49753, 1.49767, 1.49784, 1.49829, 1.49827; ... 
1.36338, 1.42914, 1.45346, 1.46568, 1.47277, 1.47750, 1.48098, 1.48342, 1.48532, 1.48678, ... 
1.48794, 1.48896, 1.48985, 1.49064, 1.49123, 1.49172, 1.49225, 1.49272, 1.49293, 1.49341, ... 
1.49366, 1.49396, 1.49426, 1.49436, 1.49470, 1.49510, 1.49506, 1.49495, 1.49528, 1.49583, ... 
1.49630, 1.49688, 1.49748, 1.49771, 1.49778, 1.49815, 1.49822, 1.49872; ... 
1.36335, 1.42919, 1.45351, 1.46565, 1.47287, 1.47759, 1.48090, 1.48341, 1.48538, 1.48686, ... 
1.48803, 1.48902, 1.48994, 1.49072, 1.49120, 1.49190, 1.49245, 1.49266, 1.49303, 1.49350, ... 
1.49386, 1.49424, 1.49430, 1.49463, 1.49464, 1.49508, 1.49490, 1.49540, 1.49559, 1.49601, ... 
1.49655, 1.49715, 1.49715, 1.49762, 1.49793, 1.49831, 1.49844, 1.49829; ... 
1.36338, 1.42924, 1.45349, 1.46568, 1.47289, 1.47759, 1.48101, 1.48345, 1.48527, 1.48689, ... 
1.48814, 1.48906, 1.48982, 1.49070, 1.49131, 1.49189, 1.49243, 1.49286, 1.49322, 1.49356, ... 
1.49379, 1.49408, 1.49433, 1.49468, 1.49471, 1.49497, 1.49533, 1.49540, 1.49558, 1.49620, ... 
1.49663, 1.49708, 1.49758, 1.49775, 1.49819, 1.49838, 1.49827, 1.49847; ... 
1.36336, 1.42922, 1.45348, 1.46565, 1.47295, 1.47767, 1.48100, 1.48350, 1.48529, 1.48693, ... 
1.48809, 1.48907, 1.48992, 1.49073, 1.49142, 1.49187, 1.49229, 1.49272, 1.49325, 1.49338, ... 
1.49388, 1.49413, 1.49424, 1.49474, 1.49478, 1.49511, 1.49524, 1.49522, 1.49558, 1.49610, ... 
1.49673, 1.49693, 1.49728, 1.49793, 1.49819, 1.49846, 1.49845, 1.49880; ... 
1.36339, 1.42919, 1.45353, 1.46573, 1.47293, 1.47770, 1.48100, 1.48347, 1.48539, 1.48692, ... 
1.48820, 1.48919, 1.49010, 1.49063, 1.49152, 1.49198, 1.49231, 1.49289, 1.49334, 1.49361, ... 
1.49392, 1.49421, 1.49453, 1.49465, 1.49497, 1.49518, 1.49526, 1.49545, 1.49547, 1.49626, ... 
1.49665, 1.49689, 1.49740, 1.49788, 1.49816, 1.49840, 1.49824, 1.49863; ... 
1.36338, 1.42921, 1.45351, 1.46575, 1.47297, 1.47776, 1.48103, 1.48346, 1.48541, 1.48704, ... 
1.48820, 1.48904, 1.49006, 1.49074, 1.49135, 1.49183, 1.49248, 1.49280, 1.49329, 1.49352, ... 
1.49384, 1.49414, 1.49438, 1.49454, 1.49484, 1.49513, 1.49536, 1.49553, 1.49570, 1.49621, ... 
1.49698, 1.49692, 1.49730, 1.49807, 1.49857, 1.49847, 1.49861, 1.49861; ... 
1.36338, 1.42921, 1.45353, 1.46570, 1.47296, 1.47760, 1.48105, 1.48357, 1.48529, 1.48697, ... 
1.48812, 1.48910, 1.49010, 1.49071, 1.49132, 1.49187, 1.49252, 1.49289, 1.49326, 1.49345, ... 
1.49391, 1.49417, 1.49433, 1.49466, 1.49509, 1.49522, 1.49540, 1.49536, 1.49560, 1.49642, ... 
1.49674, 1.49712, 1.49740, 1.49800, 1.49784, 1.49855, 1.49868, 1.49867; ... 
1.36336, 1.42921, 1.45352, 1.46568, 1.47292, 1.47765, 1.48090, 1.48361, 1.48548, 1.48703, ... 
1.48817, 1.48920, 1.48990, 1.49073, 1.49130, 1.49191, 1.49232, 1.49301, 1.49328, 1.49366, ... 
1.49393, 1.49408, 1.49441, 1.49472, 1.49499, 1.49520, 1.49511, 1.49534, 1.49557, 1.49630, ... 
1.49675, 1.49706, 1.49757, 1.49779, 1.49779, 1.49837, 1.49869, 1.49890; ... 
1.36336, 1.42922, 1.45343, 1.46570, 1.47289, 1.47768, 1.48098, 1.48353, 1.48550, 1.48698, ... 
1.48822, 1.48935, 1.49001, 1.49076, 1.49158, 1.49190, 1.49245, 1.49279, 1.49329, 1.49358, ... 
1.49387, 1.49412, 1.49454, 1.49456, 1.49508, 1.49500, 1.49523, 1.49532, 1.49559, 1.49621, ... 
1.49692, 1.49722, 1.49760, 1.49777, 1.49814, 1.49853, 1.49865, 1.49913; ... 
1.36338, 1.42918, 1.45352, 1.46574, 1.47290, 1.47766, 1.48104, 1.48355, 1.48537, 1.48692, ... 
1.48820, 1.48921, 1.49004, 1.49064, 1.49138, 1.49185, 1.49255, 1.49292, 1.49327, 1.49362, ... 
1.49376, 1.49425, 1.49443, 1.49465, 1.49498, 1.49514, 1.49527, 1.49540, 1.49551, 1.49623, ... 
1.49682, 1.49698, 1.49744, 1.49774, 1.49825, 1.49842, 1.49870, 1.49867; ... 
1.36336, 1.42922, 1.45354, 1.46573, 1.47297, 1.47763, 1.48109, 1.48348, 1.48543, 1.48682, ... 
1.48810, 1.48919, 1.49013, 1.49083, 1.49132, 1.49200, 1.49249, 1.49298, 1.49328, 1.49368, ... 
1.49396, 1.49421, 1.49445, 1.49459, 1.49494, 1.49501, 1.49535, 1.49537, 1.49558, 1.49618, ... 
1.49666, 1.49699, 1.49698, 1.49784, 1.49818, 1.49822, 1.49848, 1.49873; ... 
1.36340, 1.42927, 1.45347, 1.46564, 1.47293, 1.47772, 1.48098, 1.48337, 1.48540, 1.48692, ... 
1.48814, 1.48919, 1.49007, 1.49073, 1.49130, 1.49205, 1.49233, 1.49288, 1.49318, 1.49349, ... 
1.49408, 1.49422, 1.49457, 1.49461, 1.49482, 1.49527, 1.49531, 1.49539, 1.49550, 1.49633, ... 
1.49670, 1.49716, 1.49752, 1.49779, 1.49834, 1.49824, 1.49852, 1.49896; ... 
1.36341, 1.42924, 1.45352, 1.46572, 1.47290, 1.47771, 1.48099, 1.48349, 1.48551, 1.48693, ... 
1.48815, 1.48913, 1.49008, 1.49061, 1.49130, 1.49185, 1.49249, 1.49295, 1.49321, 1.49343, ... 
1.49400, 1.49415, 1.49441, 1.49467, 1.49491, 1.49510, 1.49553, 1.49548, 1.49549, 1.49624, ... 
1.49700, 1.49723, 1.49747, 1.49795, 1.49829, 1.49801, 1.49894, 1.49852; ... 
1.36338, 1.42924, 1.45353, 1.46570, 1.47290, 1.47771, 1.48105, 1.48348, 1.48533, 1.48694, ... 
1.48811, 1.48922, 1.49009, 1.49076, 1.49134, 1.49197, 1.49243, 1.49279, 1.49330, 1.49364, ... 
1.49408, 1.49418, 1.49441, 1.49458, 1.49470, 1.49515, 1.49534, 1.49543, 1.49550, 1.49621, ... 
1.49670, 1.49704, 1.49720, 1.49789, 1.49844, 1.49849, 1.49858, 1.49884; ... 
]; 

bnr_std = [ ...
0.00005, 0.00007, 0.00012, 0.00016, 0.00016, 0.00019, 0.00022, 0.00016, 0.00020, 0.00019, ... 
0.00027, 0.00026, 0.00022, 0.00022, 0.00021, 0.00022, 0.00025, 0.00020, 0.00024, 0.00024, ... 
0.00021, 0.00024, 0.00035, 0.00030, 0.00040, 0.00036, 0.00027, 0.00029, 0.00027, 0.00038, ... 
0.00041, 0.00047, 0.00043, 0.00043, 0.00055, 0.00071, 0.00054, 0.00065; ... 
0.00007, 0.00012, 0.00017, 0.00018, 0.00016, 0.00017, 0.00019, 0.00021, 0.00019, 0.00021, ... 
0.00027, 0.00026, 0.00021, 0.00026, 0.00028, 0.00027, 0.00026, 0.00030, 0.00028, 0.00022, ... 
0.00033, 0.00022, 0.00018, 0.00029, 0.00029, 0.00025, 0.00038, 0.00032, 0.00037, 0.00040, ... 
0.00038, 0.00043, 0.00049, 0.00047, 0.00061, 0.00050, 0.00069, 0.00060; ... 
0.00008, 0.00008, 0.00013, 0.00013, 0.00016, 0.00019, 0.00017, 0.00019, 0.00022, 0.00021, ... 
0.00026, 0.00017, 0.00022, 0.00026, 0.00025, 0.00024, 0.00020, 0.00023, 0.00030, 0.00025, ... 
0.00024, 0.00033, 0.00033, 0.00026, 0.00029, 0.00027, 0.00036, 0.00032, 0.00034, 0.00037, ... 
0.00025, 0.00049, 0.00036, 0.00042, 0.00043, 0.00061, 0.00058, 0.00072; ... 
0.00007, 0.00011, 0.00013, 0.00014, 0.00013, 0.00012, 0.00018, 0.00018, 0.00022, 0.00029, ... 
0.00023, 0.00022, 0.00025, 0.00030, 0.00028, 0.00030, 0.00037, 0.00030, 0.00028, 0.00029, ... 
0.00036, 0.00034, 0.00036, 0.00028, 0.00034, 0.00046, 0.00025, 0.00028, 0.00034, 0.00045, ... 
0.00053, 0.00044, 0.00052, 0.00044, 0.00058, 0.00054, 0.00065, 0.00064; ... 
0.00006, 0.00012, 0.00009, 0.00012, 0.00016, 0.00016, 0.00017, 0.00019, 0.00019, 0.00026, ... 
0.00023, 0.00024, 0.00023, 0.00022, 0.00032, 0.00025, 0.00026, 0.00030, 0.00019, 0.00026, ... 
0.00028, 0.00032, 0.00034, 0.00034, 0.00038, 0.00027, 0.00037, 0.00027, 0.00033, 0.00040, ... 
0.00036, 0.00035, 0.00039, 0.00046, 0.00045, 0.00072, 0.00054, 0.00064; ... 
0.00005, 0.00011, 0.00011, 0.00019, 0.00018, 0.00016, 0.00018, 0.00021, 0.00018, 0.00014, ... 
0.00026, 0.00020, 0.00023, 0.00027, 0.00032, 0.00028, 0.00027, 0.00027, 0.00030, 0.00030, ... 
0.00040, 0.00031, 0.00030, 0.00028, 0.00027, 0.00036, 0.00033, 0.00035, 0.00033, 0.00039, ... 
0.00040, 0.00042, 0.00046, 0.00054, 0.00064, 0.00052, 0.00064, 0.00078; ... 
0.00007, 0.00010, 0.00012, 0.00015, 0.00018, 0.00015, 0.00021, 0.00023, 0.00023, 0.00025, ... 
0.00024, 0.00022, 0.00023, 0.00028, 0.00024, 0.00027, 0.00030, 0.00032, 0.00024, 0.00035, ... 
0.00030, 0.00028, 0.00030, 0.00029, 0.00037, 0.00032, 0.00037, 0.00035, 0.00032, 0.00031, ... 
0.00045, 0.00048, 0.00037, 0.00042, 0.00052, 0.00052, 0.00053, 0.00086; ... 
0.00007, 0.00008, 0.00013, 0.00014, 0.00015, 0.00019, 0.00016, 0.00023, 0.00017, 0.00022, ... 
0.00024, 0.00030, 0.00021, 0.00028, 0.00026, 0.00027, 0.00035, 0.00028, 0.00021, 0.00034, ... 
0.00027, 0.00032, 0.00038, 0.00028, 0.00043, 0.00041, 0.00030, 0.00029, 0.00036, 0.00037, ... 
0.00036, 0.00033, 0.00039, 0.00049, 0.00046, 0.00056, 0.00048, 0.00072; ... 
0.00008, 0.00010, 0.00008, 0.00012, 0.00014, 0.00014, 0.00020, 0.00019, 0.00023, 0.00021, ... 
0.00027, 0.00030, 0.00025, 0.00025, 0.00026, 0.00025, 0.00023, 0.00037, 0.00034, 0.00032, ... 
0.00038, 0.00038, 0.00037, 0.00035, 0.00042, 0.00032, 0.00032, 0.00040, 0.00034, 0.00052, ... 
0.00037, 0.00039, 0.00053, 0.00053, 0.00055, 0.00052, 0.00061, 0.00057; ... 
0.00007, 0.00010, 0.00012, 0.00018, 0.00015, 0.00017, 0.00019, 0.00017, 0.00024, 0.00028, ... 
0.00023, 0.00025, 0.00031, 0.00023, 0.00028, 0.00040, 0.00029, 0.00032, 0.00031, 0.00031, ... 
0.00037, 0.00032, 0.00037, 0.00028, 0.00028, 0.00036, 0.00037, 0.00035, 0.00038, 0.00050, ... 
0.00039, 0.00038, 0.00054, 0.00056, 0.00065, 0.00062, 0.00067, 0.00063; ... 
0.00004, 0.00011, 0.00013, 0.00017, 0.00015, 0.00019, 0.00016, 0.00018, 0.00024, 0.00025, ... 
0.00029, 0.00024, 0.00026, 0.00032, 0.00030, 0.00032, 0.00021, 0.00025, 0.00026, 0.00026, ... 
0.00038, 0.00038, 0.00048, 0.00031, 0.00029, 0.00042, 0.00033, 0.00039, 0.00036, 0.00042, ... 
0.00045, 0.00054, 0.00055, 0.00054, 0.00064, 0.00069, 0.00063, 0.00065; ... 
0.00007, 0.00012, 0.00013, 0.00015, 0.00015, 0.00020, 0.00020, 0.00017, 0.00022, 0.00024, ... 
0.00019, 0.00022, 0.00025, 0.00023, 0.00024, 0.00030, 0.00028, 0.00026, 0.00035, 0.00035, ... 
0.00034, 0.00038, 0.00041, 0.00033, 0.00024, 0.00044, 0.00037, 0.00033, 0.00030, 0.00040, ... 
0.00045, 0.00052, 0.00050, 0.00053, 0.00050, 0.00068, 0.00082, 0.00066; ... 
0.00006, 0.00010, 0.00012, 0.00016, 0.00021, 0.00019, 0.00018, 0.00025, 0.00028, 0.00028, ... 
0.00024, 0.00028, 0.00026, 0.00028, 0.00026, 0.00025, 0.00034, 0.00022, 0.00035, 0.00032, ... 
0.00036, 0.00028, 0.00038, 0.00034, 0.00030, 0.00038, 0.00035, 0.00036, 0.00047, 0.00047, ... 
0.00047, 0.00039, 0.00056, 0.00057, 0.00057, 0.00053, 0.00066, 0.00063; ... 
0.00007, 0.00011, 0.00011, 0.00015, 0.00023, 0.00014, 0.00019, 0.00023, 0.00021, 0.00031, ... 
0.00027, 0.00023, 0.00022, 0.00025, 0.00038, 0.00026, 0.00034, 0.00027, 0.00029, 0.00030, ... 
0.00029, 0.00043, 0.00028, 0.00029, 0.00038, 0.00032, 0.00045, 0.00045, 0.00033, 0.00033, ... 
0.00046, 0.00052, 0.00052, 0.00054, 0.00068, 0.00067, 0.00059, 0.00080; ... 
0.00005, 0.00010, 0.00011, 0.00013, 0.00020, 0.00017, 0.00021, 0.00021, 0.00022, 0.00023, ... 
0.00027, 0.00029, 0.00026, 0.00028, 0.00022, 0.00023, 0.00034, 0.00035, 0.00043, 0.00032, ... 
0.00032, 0.00042, 0.00041, 0.00030, 0.00033, 0.00042, 0.00034, 0.00048, 0.00049, 0.00040, ... 
0.00048, 0.00057, 0.00061, 0.00065, 0.00082, 0.00075, 0.00084, 0.00074; ... 
0.00006, 0.00011, 0.00014, 0.00016, 0.00017, 0.00022, 0.00019, 0.00022, 0.00027, 0.00028, ... 
0.00024, 0.00024, 0.00031, 0.00023, 0.00033, 0.00032, 0.00034, 0.00034, 0.00034, 0.00031, ... 
0.00044, 0.00037, 0.00032, 0.00039, 0.00040, 0.00048, 0.00040, 0.00037, 0.00039, 0.00044, ... 
0.00048, 0.00048, 0.00060, 0.00053, 0.00046, 0.00053, 0.00073, 0.00083; ... 
0.00006, 0.00007, 0.00012, 0.00011, 0.00020, 0.00017, 0.00021, 0.00024, 0.00023, 0.00022, ... 
0.00023, 0.00020, 0.00034, 0.00026, 0.00032, 0.00032, 0.00029, 0.00028, 0.00031, 0.00032, ... 
0.00034, 0.00036, 0.00030, 0.00039, 0.00039, 0.00033, 0.00034, 0.00054, 0.00047, 0.00031, ... 
0.00052, 0.00061, 0.00052, 0.00062, 0.00067, 0.00057, 0.00085, 0.00081; ... 
0.00006, 0.00011, 0.00013, 0.00019, 0.00018, 0.00021, 0.00026, 0.00020, 0.00023, 0.00026, ... 
0.00024, 0.00028, 0.00030, 0.00030, 0.00036, 0.00037, 0.00032, 0.00034, 0.00030, 0.00033, ... 
0.00041, 0.00044, 0.00039, 0.00037, 0.00040, 0.00047, 0.00034, 0.00035, 0.00041, 0.00065, ... 
0.00050, 0.00045, 0.00041, 0.00066, 0.00056, 0.00077, 0.00073, 0.00078; ... 
0.00006, 0.00011, 0.00011, 0.00020, 0.00021, 0.00019, 0.00021, 0.00019, 0.00021, 0.00028, ... 
0.00021, 0.00020, 0.00021, 0.00027, 0.00037, 0.00030, 0.00034, 0.00031, 0.00035, 0.00045, ... 
0.00040, 0.00037, 0.00033, 0.00035, 0.00047, 0.00055, 0.00039, 0.00037, 0.00040, 0.00047, ... 
0.00033, 0.00052, 0.00064, 0.00065, 0.00047, 0.00070, 0.00071, 0.00075; ... 
0.00007, 0.00011, 0.00010, 0.00016, 0.00015, 0.00021, 0.00022, 0.00027, 0.00025, 0.00027, ... 
0.00030, 0.00030, 0.00030, 0.00030, 0.00040, 0.00037, 0.00034, 0.00038, 0.00029, 0.00034, ... 
0.00042, 0.00036, 0.00043, 0.00037, 0.00041, 0.00042, 0.00053, 0.00047, 0.00040, 0.00046, ... 
0.00049, 0.00051, 0.00051, 0.00068, 0.00068, 0.00060, 0.00072, 0.00083; ... 
0.00008, 0.00011, 0.00015, 0.00019, 0.00018, 0.00023, 0.00023, 0.00024, 0.00027, 0.00031, ... 
0.00025, 0.00027, 0.00025, 0.00028, 0.00042, 0.00040, 0.00033, 0.00033, 0.00040, 0.00045, ... 
0.00037, 0.00040, 0.00051, 0.00054, 0.00050, 0.00036, 0.00028, 0.00048, 0.00041, 0.00043, ... 
0.00056, 0.00060, 0.00051, 0.00053, 0.00059, 0.00076, 0.00086, 0.00091; ... 
0.00006, 0.00011, 0.00014, 0.00015, 0.00016, 0.00016, 0.00025, 0.00029, 0.00033, 0.00030, ... 
0.00028, 0.00030, 0.00037, 0.00035, 0.00035, 0.00037, 0.00029, 0.00038, 0.00033, 0.00044, ... 
0.00049, 0.00036, 0.00052, 0.00045, 0.00044, 0.00042, 0.00062, 0.00042, 0.00050, 0.00052, ... 
0.00049, 0.00065, 0.00059, 0.00085, 0.00067, 0.00080, 0.00071, 0.00071; ... 
0.00008, 0.00010, 0.00013, 0.00016, 0.00016, 0.00023, 0.00017, 0.00024, 0.00029, 0.00033, ... 
0.00024, 0.00032, 0.00024, 0.00023, 0.00032, 0.00035, 0.00034, 0.00033, 0.00041, 0.00037, ... 
0.00046, 0.00039, 0.00039, 0.00045, 0.00049, 0.00048, 0.00042, 0.00052, 0.00049, 0.00046, ... 
0.00063, 0.00053, 0.00076, 0.00073, 0.00080, 0.00080, 0.00069, 0.00083; ... 
0.00006, 0.00010, 0.00013, 0.00016, 0.00020, 0.00021, 0.00020, 0.00032, 0.00026, 0.00032, ... 
0.00037, 0.00026, 0.00027, 0.00037, 0.00025, 0.00028, 0.00035, 0.00040, 0.00042, 0.00036, ... 
0.00048, 0.00037, 0.00037, 0.00045, 0.00037, 0.00033, 0.00035, 0.00054, 0.00031, 0.00048, ... 
0.00056, 0.00055, 0.00068, 0.00064, 0.00107, 0.00074, 0.00085, 0.00094; ... 
0.00007, 0.00010, 0.00014, 0.00020, 0.00020, 0.00023, 0.00024, 0.00027, 0.00027, 0.00024, ... 
0.00028, 0.00035, 0.00030, 0.00033, 0.00029, 0.00023, 0.00051, 0.00029, 0.00051, 0.00037, ... 
0.00032, 0.00044, 0.00041, 0.00047, 0.00046, 0.00052, 0.00037, 0.00052, 0.00034, 0.00056, ... 
0.00067, 0.00054, 0.00076, 0.00063, 0.00061, 0.00077, 0.00089, 0.00083; ... 
0.00006, 0.00010, 0.00013, 0.00015, 0.00019, 0.00024, 0.00023, 0.00032, 0.00023, 0.00033, ... 
0.00029, 0.00025, 0.00037, 0.00034, 0.00039, 0.00043, 0.00035, 0.00034, 0.00038, 0.00050, ... 
0.00035, 0.00045, 0.00043, 0.00047, 0.00053, 0.00045, 0.00038, 0.00047, 0.00050, 0.00043, ... 
0.00055, 0.00055, 0.00078, 0.00069, 0.00058, 0.00079, 0.00104, 0.00091; ... 
0.00006, 0.00009, 0.00012, 0.00020, 0.00024, 0.00026, 0.00021, 0.00024, 0.00028, 0.00033, ... 
0.00026, 0.00029, 0.00033, 0.00035, 0.00025, 0.00035, 0.00034, 0.00031, 0.00044, 0.00035, ... 
0.00035, 0.00036, 0.00048, 0.00040, 0.00043, 0.00051, 0.00054, 0.00046, 0.00053, 0.00060, ... 
0.00064, 0.00065, 0.00059, 0.00092, 0.00077, 0.00083, 0.00073, 0.00095; ... 
0.00008, 0.00011, 0.00015, 0.00019, 0.00017, 0.00023, 0.00025, 0.00025, 0.00027, 0.00027, ... 
0.00026, 0.00035, 0.00038, 0.00031, 0.00048, 0.00044, 0.00030, 0.00041, 0.00054, 0.00032, ... 
0.00033, 0.00043, 0.00048, 0.00050, 0.00043, 0.00058, 0.00050, 0.00040, 0.00055, 0.00056, ... 
0.00064, 0.00073, 0.00068, 0.00066, 0.00074, 0.00090, 0.00091, 0.00082; ... 
0.00005, 0.00012, 0.00013, 0.00020, 0.00017, 0.00021, 0.00023, 0.00023, 0.00029, 0.00028, ... 
0.00036, 0.00035, 0.00029, 0.00026, 0.00038, 0.00037, 0.00038, 0.00038, 0.00037, 0.00050, ... 
0.00047, 0.00050, 0.00044, 0.00041, 0.00053, 0.00048, 0.00053, 0.00044, 0.00037, 0.00055, ... 
0.00053, 0.00060, 0.00071, 0.00070, 0.00076, 0.00073, 0.00061, 0.00082; ... 
0.00005, 0.00014, 0.00017, 0.00018, 0.00017, 0.00016, 0.00028, 0.00028, 0.00027, 0.00032, ... 
0.00027, 0.00039, 0.00039, 0.00032, 0.00034, 0.00037, 0.00046, 0.00035, 0.00046, 0.00050, ... 
0.00044, 0.00055, 0.00039, 0.00049, 0.00040, 0.00044, 0.00044, 0.00041, 0.00051, 0.00054, ... 
0.00055, 0.00060, 0.00055, 0.00079, 0.00075, 0.00084, 0.00080, 0.00095; ... 
0.00007, 0.00010, 0.00014, 0.00015, 0.00022, 0.00018, 0.00025, 0.00024, 0.00022, 0.00033, ... 
0.00029, 0.00035, 0.00037, 0.00024, 0.00028, 0.00044, 0.00041, 0.00038, 0.00042, 0.00040, ... 
0.00042, 0.00049, 0.00039, 0.00046, 0.00057, 0.00050, 0.00042, 0.00048, 0.00051, 0.00040, ... 
0.00039, 0.00054, 0.00078, 0.00070, 0.00082, 0.00085, 0.00060, 0.00093; ... 
0.00008, 0.00009, 0.00010, 0.00022, 0.00019, 0.00024, 0.00027, 0.00021, 0.00026, 0.00031, ... 
0.00025, 0.00031, 0.00030, 0.00034, 0.00032, 0.00029, 0.00046, 0.00032, 0.00035, 0.00037, ... 
0.00043, 0.00037, 0.00033, 0.00042, 0.00046, 0.00046, 0.00036, 0.00045, 0.00035, 0.00061, ... 
0.00053, 0.00071, 0.00058, 0.00071, 0.00094, 0.00103, 0.00083, 0.00100; ... 
0.00006, 0.00014, 0.00012, 0.00021, 0.00020, 0.00028, 0.00023, 0.00024, 0.00027, 0.00028, ... 
0.00029, 0.00033, 0.00044, 0.00029, 0.00037, 0.00037, 0.00043, 0.00041, 0.00046, 0.00045, ... 
0.00057, 0.00039, 0.00049, 0.00047, 0.00031, 0.00046, 0.00063, 0.00059, 0.00035, 0.00060, ... 
0.00065, 0.00056, 0.00071, 0.00072, 0.00087, 0.00083, 0.00091, 0.00089; ... 
0.00007, 0.00011, 0.00014, 0.00017, 0.00016, 0.00017, 0.00023, 0.00026, 0.00029, 0.00032, ... 
0.00031, 0.00031, 0.00036, 0.00043, 0.00033, 0.00036, 0.00042, 0.00034, 0.00035, 0.00037, ... 
0.00047, 0.00051, 0.00051, 0.00045, 0.00062, 0.00065, 0.00063, 0.00052, 0.00059, 0.00044, ... 
0.00064, 0.00060, 0.00077, 0.00073, 0.00068, 0.00064, 0.00106, 0.00078; ... 
0.00006, 0.00012, 0.00016, 0.00018, 0.00022, 0.00021, 0.00024, 0.00021, 0.00025, 0.00035, ... 
0.00028, 0.00034, 0.00035, 0.00032, 0.00041, 0.00048, 0.00041, 0.00038, 0.00051, 0.00052, ... 
0.00041, 0.00048, 0.00047, 0.00043, 0.00046, 0.00049, 0.00057, 0.00048, 0.00042, 0.00065, ... 
0.00057, 0.00055, 0.00069, 0.00064, 0.00094, 0.00088, 0.00070, 0.00081; ... 
0.00006, 0.00009, 0.00018, 0.00021, 0.00025, 0.00021, 0.00024, 0.00029, 0.00025, 0.00030, ... 
0.00031, 0.00030, 0.00034, 0.00038, 0.00033, 0.00038, 0.00033, 0.00034, 0.00049, 0.00047, ... 
0.00049, 0.00044, 0.00058, 0.00045, 0.00039, 0.00056, 0.00043, 0.00053, 0.00050, 0.00049, ... 
0.00066, 0.00066, 0.00063, 0.00097, 0.00074, 0.00099, 0.00077, 0.00097; ... 
0.00007, 0.00011, 0.00016, 0.00017, 0.00021, 0.00020, 0.00020, 0.00025, 0.00026, 0.00021, ... 
0.00037, 0.00031, 0.00030, 0.00024, 0.00032, 0.00024, 0.00036, 0.00041, 0.00050, 0.00035, ... 
0.00036, 0.00040, 0.00051, 0.00040, 0.00044, 0.00051, 0.00048, 0.00061, 0.00057, 0.00057, ... 
0.00069, 0.00062, 0.00065, 0.00081, 0.00087, 0.00082, 0.00112, 0.00138; ... 
0.00006, 0.00012, 0.00018, 0.00020, 0.00017, 0.00021, 0.00026, 0.00025, 0.00025, 0.00034, ... 
0.00035, 0.00024, 0.00033, 0.00040, 0.00039, 0.00032, 0.00033, 0.00043, 0.00037, 0.00045, ... 
0.00035, 0.00038, 0.00032, 0.00047, 0.00068, 0.00056, 0.00041, 0.00045, 0.00043, 0.00061, ... 
0.00068, 0.00061, 0.00057, 0.00058, 0.00094, 0.00096, 0.00094, 0.00109; ... 
0.00006, 0.00008, 0.00014, 0.00020, 0.00019, 0.00017, 0.00027, 0.00018, 0.00025, 0.00027, ... 
0.00032, 0.00039, 0.00024, 0.00031, 0.00036, 0.00031, 0.00043, 0.00039, 0.00034, 0.00047, ... 
0.00037, 0.00030, 0.00047, 0.00055, 0.00041, 0.00052, 0.00036, 0.00040, 0.00055, 0.00064, ... 
0.00057, 0.00066, 0.00075, 0.00062, 0.00088, 0.00092, 0.00117, 0.00089; ... 
0.00007, 0.00014, 0.00019, 0.00012, 0.00024, 0.00022, 0.00023, 0.00025, 0.00031, 0.00029, ... 
0.00026, 0.00031, 0.00033, 0.00031, 0.00044, 0.00033, 0.00033, 0.00041, 0.00047, 0.00049, ... 
0.00055, 0.00039, 0.00052, 0.00055, 0.00058, 0.00036, 0.00039, 0.00038, 0.00057, 0.00053, ... 
0.00060, 0.00071, 0.00073, 0.00087, 0.00071, 0.00064, 0.00086, 0.00087; ... 
0.00006, 0.00010, 0.00018, 0.00020, 0.00021, 0.00025, 0.00024, 0.00035, 0.00023, 0.00035, ... 
0.00030, 0.00028, 0.00031, 0.00035, 0.00041, 0.00036, 0.00035, 0.00032, 0.00061, 0.00030, ... 
0.00041, 0.00038, 0.00043, 0.00042, 0.00036, 0.00048, 0.00045, 0.00055, 0.00059, 0.00042, ... 
0.00074, 0.00068, 0.00080, 0.00075, 0.00079, 0.00098, 0.00105, 0.00075; ... 
0.00007, 0.00012, 0.00015, 0.00019, 0.00023, 0.00025, 0.00019, 0.00032, 0.00029, 0.00029, ... 
0.00031, 0.00030, 0.00038, 0.00033, 0.00022, 0.00029, 0.00037, 0.00043, 0.00038, 0.00037, ... 
0.00049, 0.00052, 0.00047, 0.00044, 0.00032, 0.00051, 0.00046, 0.00037, 0.00042, 0.00057, ... 
0.00074, 0.00065, 0.00068, 0.00082, 0.00067, 0.00071, 0.00079, 0.00097; ... 
0.00005, 0.00012, 0.00017, 0.00018, 0.00021, 0.00023, 0.00025, 0.00024, 0.00027, 0.00026, ... 
0.00032, 0.00036, 0.00032, 0.00041, 0.00036, 0.00042, 0.00042, 0.00036, 0.00047, 0.00050, ... 
0.00039, 0.00042, 0.00041, 0.00056, 0.00056, 0.00056, 0.00047, 0.00048, 0.00044, 0.00045, ... 
0.00077, 0.00078, 0.00057, 0.00069, 0.00082, 0.00074, 0.00075, 0.00077; ... 
0.00006, 0.00010, 0.00017, 0.00016, 0.00023, 0.00026, 0.00025, 0.00031, 0.00030, 0.00029, ... 
0.00034, 0.00032, 0.00030, 0.00034, 0.00038, 0.00037, 0.00041, 0.00042, 0.00056, 0.00044, ... 
0.00046, 0.00038, 0.00041, 0.00044, 0.00049, 0.00053, 0.00050, 0.00045, 0.00042, 0.00040, ... 
0.00057, 0.00068, 0.00066, 0.00070, 0.00073, 0.00094, 0.00096, 0.00067; ... 
0.00006, 0.00012, 0.00016, 0.00012, 0.00025, 0.00029, 0.00022, 0.00029, 0.00024, 0.00029, ... 
0.00035, 0.00024, 0.00031, 0.00037, 0.00040, 0.00032, 0.00037, 0.00046, 0.00044, 0.00049, ... 
0.00044, 0.00043, 0.00036, 0.00049, 0.00051, 0.00052, 0.00048, 0.00062, 0.00041, 0.00054, ... 
0.00057, 0.00066, 0.00068, 0.00072, 0.00070, 0.00065, 0.00094, 0.00091; ... 
0.00008, 0.00008, 0.00019, 0.00019, 0.00022, 0.00024, 0.00024, 0.00030, 0.00025, 0.00034, ... 
0.00028, 0.00033, 0.00027, 0.00028, 0.00042, 0.00038, 0.00031, 0.00046, 0.00033, 0.00042, ... 
0.00042, 0.00045, 0.00045, 0.00056, 0.00055, 0.00052, 0.00058, 0.00043, 0.00045, 0.00057, ... 
0.00051, 0.00062, 0.00065, 0.00079, 0.00075, 0.00083, 0.00103, 0.00099; ... 
0.00008, 0.00012, 0.00016, 0.00019, 0.00019, 0.00018, 0.00020, 0.00028, 0.00035, 0.00022, ... 
0.00030, 0.00035, 0.00026, 0.00040, 0.00051, 0.00039, 0.00041, 0.00043, 0.00040, 0.00034, ... 
0.00041, 0.00035, 0.00048, 0.00052, 0.00053, 0.00052, 0.00044, 0.00039, 0.00054, 0.00056, ... 
0.00051, 0.00067, 0.00063, 0.00094, 0.00068, 0.00079, 0.00086, 0.00107; ... 
0.00007, 0.00010, 0.00012, 0.00017, 0.00022, 0.00024, 0.00029, 0.00016, 0.00022, 0.00033, ... 
0.00034, 0.00038, 0.00025, 0.00034, 0.00032, 0.00039, 0.00038, 0.00047, 0.00048, 0.00049, ... 
0.00048, 0.00039, 0.00057, 0.00038, 0.00041, 0.00050, 0.00045, 0.00052, 0.00047, 0.00045, ... 
0.00067, 0.00069, 0.00066, 0.00059, 0.00059, 0.00096, 0.00088, 0.00100; ... 
0.00007, 0.00016, 0.00017, 0.00014, 0.00018, 0.00027, 0.00022, 0.00029, 0.00028, 0.00034, ... 
0.00038, 0.00040, 0.00040, 0.00039, 0.00049, 0.00035, 0.00033, 0.00036, 0.00045, 0.00043, ... 
0.00050, 0.00037, 0.00054, 0.00046, 0.00050, 0.00039, 0.00055, 0.00051, 0.00070, 0.00053, ... 
0.00052, 0.00073, 0.00056, 0.00101, 0.00082, 0.00065, 0.00095, 0.00104; ... 
0.00006, 0.00015, 0.00014, 0.00019, 0.00020, 0.00024, 0.00023, 0.00033, 0.00025, 0.00028, ... 
0.00031, 0.00038, 0.00030, 0.00042, 0.00041, 0.00038, 0.00037, 0.00041, 0.00041, 0.00049, ... 
0.00046, 0.00044, 0.00043, 0.00040, 0.00052, 0.00041, 0.00048, 0.00060, 0.00053, 0.00043, ... 
0.00063, 0.00058, 0.00079, 0.00072, 0.00078, 0.00087, 0.00049, 0.00085; ... 
0.00007, 0.00015, 0.00016, 0.00023, 0.00022, 0.00026, 0.00027, 0.00026, 0.00029, 0.00028, ... 
0.00033, 0.00040, 0.00036, 0.00036, 0.00034, 0.00039, 0.00050, 0.00041, 0.00045, 0.00058, ... 
0.00045, 0.00052, 0.00057, 0.00040, 0.00040, 0.00056, 0.00047, 0.00062, 0.00059, 0.00053, ... 
0.00067, 0.00053, 0.00079, 0.00059, 0.00076, 0.00076, 0.00089, 0.00125; ... 
0.00008, 0.00010, 0.00014, 0.00016, 0.00011, 0.00023, 0.00030, 0.00016, 0.00022, 0.00022, ... 
0.00036, 0.00033, 0.00032, 0.00042, 0.00042, 0.00044, 0.00041, 0.00037, 0.00046, 0.00049, ... 
0.00044, 0.00040, 0.00047, 0.00041, 0.00044, 0.00041, 0.00046, 0.00044, 0.00057, 0.00051, ... 
0.00080, 0.00050, 0.00074, 0.00067, 0.00070, 0.00087, 0.00097, 0.00092; ... 
0.00006, 0.00010, 0.00018, 0.00020, 0.00020, 0.00020, 0.00023, 0.00029, 0.00024, 0.00030, ... 
0.00028, 0.00038, 0.00033, 0.00032, 0.00033, 0.00043, 0.00040, 0.00040, 0.00054, 0.00043, ... 
0.00040, 0.00046, 0.00042, 0.00038, 0.00051, 0.00055, 0.00052, 0.00051, 0.00062, 0.00057, ... 
0.00066, 0.00071, 0.00053, 0.00079, 0.00096, 0.00089, 0.00086, 0.00091; ... 
0.00006, 0.00009, 0.00014, 0.00012, 0.00020, 0.00022, 0.00023, 0.00031, 0.00033, 0.00027, ... 
0.00026, 0.00028, 0.00034, 0.00034, 0.00036, 0.00034, 0.00039, 0.00047, 0.00038, 0.00045, ... 
0.00042, 0.00038, 0.00050, 0.00048, 0.00049, 0.00053, 0.00052, 0.00057, 0.00042, 0.00055, ... 
0.00049, 0.00059, 0.00048, 0.00076, 0.00075, 0.00109, 0.00090, 0.00097; ... 
0.00008, 0.00012, 0.00014, 0.00018, 0.00021, 0.00019, 0.00030, 0.00022, 0.00033, 0.00034, ... 
0.00035, 0.00026, 0.00036, 0.00030, 0.00030, 0.00033, 0.00036, 0.00033, 0.00051, 0.00037, ... 
0.00057, 0.00045, 0.00039, 0.00044, 0.00042, 0.00046, 0.00036, 0.00034, 0.00057, 0.00044, ... 
0.00059, 0.00059, 0.00047, 0.00063, 0.00069, 0.00101, 0.00088, 0.00085; ... 
0.00006, 0.00013, 0.00016, 0.00017, 0.00021, 0.00023, 0.00033, 0.00022, 0.00025, 0.00034, ... 
0.00028, 0.00031, 0.00034, 0.00032, 0.00030, 0.00045, 0.00036, 0.00038, 0.00039, 0.00041, ... 
0.00037, 0.00040, 0.00064, 0.00044, 0.00037, 0.00031, 0.00046, 0.00052, 0.00058, 0.00058, ... 
0.00055, 0.00057, 0.00058, 0.00079, 0.00064, 0.00075, 0.00095, 0.00109; ... 
0.00007, 0.00009, 0.00014, 0.00017, 0.00019, 0.00025, 0.00019, 0.00031, 0.00026, 0.00030, ... 
0.00037, 0.00031, 0.00031, 0.00026, 0.00037, 0.00040, 0.00036, 0.00045, 0.00041, 0.00036, ... 
0.00042, 0.00046, 0.00049, 0.00042, 0.00039, 0.00065, 0.00046, 0.00056, 0.00046, 0.00055, ... 
0.00059, 0.00062, 0.00058, 0.00060, 0.00085, 0.00084, 0.00090, 0.00141; ... 
0.00007, 0.00010, 0.00014, 0.00018, 0.00013, 0.00020, 0.00023, 0.00023, 0.00030, 0.00028, ... 
0.00032, 0.00029, 0.00020, 0.00038, 0.00036, 0.00039, 0.00030, 0.00042, 0.00039, 0.00036, ... 
0.00035, 0.00048, 0.00047, 0.00043, 0.00047, 0.00051, 0.00049, 0.00067, 0.00044, 0.00051, ... 
0.00063, 0.00057, 0.00058, 0.00070, 0.00060, 0.00092, 0.00086, 0.00070; ... 
0.00005, 0.00009, 0.00016, 0.00022, 0.00021, 0.00023, 0.00023, 0.00031, 0.00024, 0.00022, ... 
0.00047, 0.00038, 0.00028, 0.00026, 0.00041, 0.00036, 0.00033, 0.00044, 0.00039, 0.00033, ... 
0.00053, 0.00052, 0.00040, 0.00057, 0.00041, 0.00054, 0.00051, 0.00050, 0.00046, 0.00043, ... 
0.00036, 0.00061, 0.00057, 0.00073, 0.00077, 0.00102, 0.00099, 0.00097; ... 
]; 

